[gd_resource type="Skin" format=3 uid="uid://do2r5rqg6epu0"]

[resource]
resource_name = "Skin6"
bind_count = 26
bind/0/name = &"Hips"
bind/0/bone = -1
bind/0/pose = Transform3D(1, -1.1978e-07, -5.11565e-09, 1.19776e-07, 0.996618, 0.0821691, -4.99095e-09, -0.0821691, 0.996618, 1.23891e-07, -1.0304, 0.095552)
bind/1/name = &"Spine"
bind/1/bone = -1
bind/1/pose = Transform3D(1, -1.55473e-07, -1.78539e-09, 1.54658e-07, 0.995675, -0.0929, 1.59744e-08, 0.0929, 0.995675, 1.64687e-07, -1.13804, -0.104523)
bind/2/name = &"Chest"
bind/2/bone = -1
bind/2/pose = Transform3D(1, -1.49539e-07, -2.88488e-09, 1.46557e-07, 0.983268, -0.182166, 2.98338e-08, 0.182166, 0.983268, 1.57029e-07, -1.26882, -0.21965)
bind/3/name = &"UpperChest"
bind/3/bone = -1
bind/3/pose = Transform3D(1, 1.47889e-07, 2.48263e-08, -1.49577e-07, 0.995688, 0.0927677, -1.12467e-08, -0.0927677, 0.995688, -2.56787e-07, -1.38532, 0.1642)
bind/4/name = &"LeftShoulder"
bind/4/bone = -1
bind/4/pose = Transform3D(0.168728, -0.0914378, 0.981412, 0.984383, -0.035081, -0.172508, 0.0502026, 0.995193, 0.0840906, 0.155311, 0.0096498, -1.46455)
bind/5/name = &"LeftUpperArm"
bind/5/bone = -1
bind/5/pose = Transform3D(-0.146922, 0.0581798, -0.987436, 0.545204, -0.828175, -0.129918, -0.825328, -0.557442, 0.0899572, -0.109814, 1.13355, 0.938613)
bind/6/name = &"Neck"
bind/6/bone = -1
bind/6/pose = Transform3D(1, -9.5355e-08, -6.63457e-08, 1.12488e-07, 0.936386, 0.350974, 2.84258e-08, -0.350973, 0.936386, 7.09394e-08, -1.40805, 0.553689)
bind/7/name = &"Head"
bind/7/bone = -1
bind/7/pose = Transform3D(1, -9.5355e-08, -6.63457e-08, 1.12488e-07, 0.936386, 0.350974, 2.84258e-08, -0.350973, 0.936386, 7.09388e-08, -1.50518, 0.553689)
bind/8/name = &"hair_back_01_l"
bind/8/bone = -1
bind/8/pose = Transform3D(0.197835, -0.926865, -0.319036, 0.488459, 0.375396, -0.787709, 0.849864, 1.38114e-08, 0.527002, 1.39327, -0.706914, -0.0280029)
bind/9/name = &"hair_back_02_l"
bind/9/bone = -1
bind/9/pose = Transform3D(0.145423, -0.984628, -0.0967495, 0.819777, 0.174666, -0.545397, 0.553912, 1.46721e-08, 0.832575, 1.39732, -0.421908, 0.0475244)
bind/10/name = &"hair_back_03_l"
bind/10/bone = -1
bind/10/pose = Transform3D(1, -1.07777e-14, -2.77556e-16, -2.79064e-08, 1, -5.04501e-08, -1.04598e-08, -1.73621e-08, 1, -0.136969, -1.33184, 0.148207)
bind/11/name = &"hair_back_01_r"
bind/11/bone = -1
bind/11/pose = Transform3D(0.197834, 0.926865, 0.319036, 0.488459, -0.375396, 0.787709, 0.849864, -1.6435e-08, -0.527002, -1.39327, 0.706915, 0.0280028)
bind/12/name = &"hair_back_02_r"
bind/12/bone = -1
bind/12/pose = Transform3D(0.145423, 0.984628, 0.0967496, 0.819777, -0.174666, 0.545397, 0.553912, -7.33605e-09, -0.832575, -1.39733, 0.421909, -0.0475246)
bind/13/name = &"hair_back_03_r"
bind/13/bone = -1
bind/13/pose = Transform3D(1, 1.49012e-08, -2.98023e-08, 3.47302e-09, -1, -5.02745e-08, -9.41792e-08, 1.7362e-08, -1, 0.136969, 1.33184, -0.148207)
bind/14/name = &"hair_front_01_l"
bind/14/bone = -1
bind/14/pose = Transform3D(0.0918988, -0.995578, -0.0194658, 0.973968, 0.0939378, -0.206304, 0.20722, 4.3106e-08, 0.978294, 1.5791, -0.221386, -0.0461897)
bind/15/name = &"hair_front_02_l"
bind/15/bone = -1
bind/15/pose = Transform3D(0.422719, -0.870085, 0.253497, 0.746197, 0.492902, 0.44748, -0.514295, 1.12409e-08, 0.857613, 1.27113, -0.823345, 0.0204478)
bind/16/name = &"hair_front_03_l"
bind/16/bone = -1
bind/16/pose = Transform3D(1, -8.52112e-10, 2.98023e-08, -1.39532e-08, 1, 7.26136e-09, -5.22991e-09, -1.49009e-08, 1, -0.126267, -1.43215, -0.0518775)
bind/17/name = &"hair_back_01_mid"
bind/17/bone = -1
bind/17/pose = Transform3D(0.0981363, -0.962898, -0.25139, 0.350156, 0.269866, -0.896974, 0.931536, 8.68484e-10, 0.363648, 1.4671, -0.532166, 0.0416065)
bind/18/name = &"hair_back_02_mid"
bind/18/bone = -1
bind/18/pose = Transform3D(0.109409, -0.970191, -0.216237, 0.438009, 0.24234, -0.86569, 0.892288, 1.44446e-08, 0.451467, 1.34806, -0.489451, 0.0561023)
bind/19/name = &"hair_back_03_mid"
bind/19/bone = -1
bind/19/pose = Transform3D(1, -1.49012e-08, 2.98024e-08, 1.39532e-08, 1, 7.41051e-08, 5.22992e-09, 1.49012e-08, 1, -0.0275093, -1.33184, 0.178637)
bind/20/name = &"RightShoulder"
bind/20/bone = -1
bind/20/pose = Transform3D(0.168729, 0.0914378, -0.981413, -0.984383, -0.0350838, -0.172508, -0.0502053, 0.995193, 0.0840902, -0.155311, 0.00965407, -1.46455)
bind/21/name = &"RightUpperArm"
bind/21/bone = -1
bind/21/pose = Transform3D(-0.146922, -0.0581796, 0.987436, -0.545206, -0.828174, -0.129918, 0.825327, -0.557444, 0.089957, 0.109813, 1.13355, 0.938616)
bind/22/name = &"upperarm_twist_01_r"
bind/22/bone = -1
bind/22/pose = Transform3D(0.64484, 0.760872, 0.0724998, -0.068049, -0.0373261, 0.996984, 0.761283, -0.647828, 0.0277071, -1.01835, 0.0907105, 1.0595)
bind/23/name = &"breast_l"
bind/23/bone = -1
bind/23/pose = Transform3D(1, -8.20675e-10, -1.42423e-08, 8.20667e-10, 1, -1.49012e-08, 1.42423e-08, -7.45057e-09, 1, -0.0845849, -1.33439, -0.112836)
bind/24/name = &"breast_r"
bind/24/bone = -1
bind/24/pose = Transform3D(1, 8.49458e-10, -1.44385e-08, 8.4944e-10, -1, 5.45154e-15, -1.44385e-08, -1.49012e-08, -1, 0.0845848, 1.33439, 0.112836)
bind/25/name = &"ik_hand_gun"
bind/25/bone = -1
bind/25/pose = Transform3D(0.687474, 0.576042, -0.442216, -0.614358, 0.786022, 0.0688033, 0.387225, 0.224379, 0.894266, -0.354509, -1.12737, -0.0708093)
metadata/humanoid_rotation_delta = {
"Chest": Transform3D(-2.40209e-07, 9.38726e-08, -1, 0.997807, 0.0661974, -2.33514e-07, 0.0661974, -0.997807, -1.09324e-07, 0, 0, -1.49012e-08),
"Head": Transform3D(-2.60805e-07, 1.43561e-07, -1, 0.928051, -0.372457, -2.95423e-07, -0.372457, -0.928051, -3.58609e-08, 0, 0, 0),
"Hips": Transform3D(-1.64324e-07, 3.89432e-08, -1, 0.996912, -0.0785267, -1.66855e-07, -0.0785267, -0.996912, -2.56721e-08, 0, 0, 0),
"LeftFoot": Transform3D(-0.0263921, 0.0463408, 0.998577, -0.0159773, -0.998816, 0.0459296, 0.999524, -0.0147424, 0.0271013, 0, 0, 0),
"LeftHand": Transform3D(-0.0164632, -0.000941068, 0.999864, 0.989259, 0.145254, 0.0164258, -0.14525, 0.989394, -0.00146027, 0, 0, 5.96046e-08),
"LeftIndexDistal": Transform3D(-0.13576, 0.290015, 0.947344, 0.963337, 0.261987, 0.0578493, -0.231415, 0.920464, -0.31495, 0, 0, 5.96046e-08),
"LeftIndexIntermediate": Transform3D(-0.0727857, 0.287097, 0.955132, 0.9941, 0.0981203, 0.0462621, -0.0804366, 0.952863, -0.292545, 7.45058e-09, 0, 5.96046e-08),
"LeftIndexProximal": Transform3D(-0.103194, 0.25177, 0.96227, 0.992627, 0.0879288, 0.0834441, -0.0636026, 0.963784, -0.258987, 7.45058e-09, 0, 5.96046e-08),
"LeftLittleDistal": Transform3D(-0.0428107, -0.307721, 0.950513, 0.71937, 0.650713, 0.243064, -0.693308, 0.694176, 0.193508, -7.45058e-09, 0, 5.96046e-08),
"LeftLittleIntermediate": Transform3D(0.026981, -0.314668, 0.948818, 0.722589, 0.662014, 0.199004, -0.690752, 0.680236, 0.245237, -3.72529e-09, 0, 2.98023e-08),
"LeftLittleProximal": Transform3D(0.033237, -0.373863, 0.926888, 0.977949, 0.203488, 0.0470096, -0.206186, 0.904886, 0.372381, -7.45058e-09, 0, 5.96046e-08),
"LeftLowerArm": Transform3D(-0.00293235, 0.0416881, -0.999126, 0.985324, 0.170646, 0.00422781, 0.170672, -0.98445, -0.0415763, 0, 0, 0),
"LeftLowerLeg": Transform3D(-0.030277, -0.0584008, -0.997834, -0.991363, -0.125688, 0.0374369, -0.127602, 0.990349, -0.054091, 0, 0, 0),
"LeftMiddleDistal": Transform3D(-0.00915352, -0.00537225, 0.999944, 0.748072, 0.663537, 0.010413, -0.663556, 0.748124, -0.00205508, 3.72529e-09, 0, 5.96046e-08),
"LeftMiddleIntermediate": Transform3D(-0.0876266, 0.00441869, 0.996144, 0.893811, 0.441844, 0.0766652, -0.439802, 0.897081, -0.042667, 7.45058e-09, 0, 5.96046e-08),
"LeftMiddleProximal": Transform3D(-0.0923537, 0.0101444, 0.995675, 0.9855, 0.143883, 0.0899443, -0.142348, 0.989543, -0.0232854, 1.86265e-09, 0, 5.96046e-08),
"LeftRingDistal": Transform3D(-0.0387882, -0.219829, 0.974767, 0.708409, 0.681939, 0.18198, -0.704737, 0.697592, 0.129277, 3.72529e-09, 0, 5.96046e-08),
"LeftRingIntermediate": Transform3D(-0.0358692, -0.211005, 0.976827, 0.851112, 0.505831, 0.140518, -0.523761, 0.836428, 0.161444, 3.72529e-09, 0, 5.96046e-08),
"LeftRingProximal": Transform3D(-0.0819351, -0.291218, 0.953141, 0.965475, 0.214092, 0.148408, -0.247279, 0.932393, 0.263622, -7.45058e-09, 0, 5.96046e-08),
"LeftShoulder": Transform3D(-0.267901, -0.953403, -0.138754, 0.949872, -0.285463, 0.127491, -0.161159, -0.0976438, 0.982087, -1.49012e-08, -1.86265e-09, 0),
"LeftThumbDistal": Transform3D(0.16041, -0.0376045, 0.986341, 0.913254, 0.386411, -0.133616, -0.37611, 0.922218, 0.096327, -5.96046e-08, 1.19209e-07, 1.49012e-08),
"LeftThumbMetacarpal": Transform3D(0.211705, -0.115698, 0.970461, 0.977799, 0.00890541, -0.212244, 0.0159145, 0.993849, 0.115014, -5.96046e-08, 0, -5.96046e-08),
"LeftThumbProximal": Transform3D(0.147736, -0.113458, 0.982508, 0.975025, 0.186913, -0.12485, -0.169478, 0.976415, 0.138238, -5.96046e-08, 0, 4.47035e-08),
"LeftToes": Transform3D(0.0456044, 0.0278322, -0.998572, 0.998795, 0.0168645, 0.0460846, 0.018123, -0.99947, -0.0270296, 0, 0, -3.72529e-09),
"LeftUpperArm": Transform3D(-0.0674199, 0.996627, -0.0468001, 0.991124, 0.0615132, -0.117861, -0.114584, -0.0543307, -0.991927, 1.49012e-08, 0, 5.96046e-08),
"LeftUpperLeg": Transform3D(0.0814195, 0.148357, 0.985577, -0.996679, 0.0108301, 0.0807065, 0.00129952, -0.988874, 0.148746, 0, 0, 0),
"Neck": Transform3D(-2.66659e-07, 6.80477e-09, -1, 0.993536, -0.113525, -2.65621e-07, -0.113525, -0.993536, 2.37438e-08, 0, 0, 0),
"RightFoot": Transform3D(-0.0263921, 0.046341, 0.998577, 0.0159776, 0.998817, -0.0459299, -0.999524, 0.0147427, -0.0271013, 7.45058e-09, 1.11759e-08, 2.98023e-08),
"RightHand": Transform3D(-0.0164498, -0.000943616, 0.999865, -0.989265, -0.145216, -0.0164124, 0.145212, -0.9894, 0.00145517, -2.98023e-08, 0, 0),
"RightIndexDistal": Transform3D(-0.135759, 0.290011, 0.947346, -0.963334, -0.261999, -0.0578447, 0.231428, -0.920463, 0.314945, -2.98023e-08, 1.19209e-07, 0),
"RightIndexIntermediate": Transform3D(-0.0727851, 0.28709, 0.955135, -0.994099, -0.0981329, -0.0462578, 0.08045, -0.952864, 0.292538, -3.72529e-08, 1.19209e-07, 0),
"RightIndexProximal": Transform3D(-0.103194, 0.251762, 0.962272, -0.992627, -0.0879243, -0.0834454, 0.0635985, -0.963788, 0.258979, -3.72529e-08, 1.19209e-07, 0),
"RightLittleDistal": Transform3D(-0.0428158, -0.307718, 0.950515, -0.719363, -0.65072, -0.243067, 0.693315, -0.694172, -0.1935, -3.35276e-08, 0, -7.45058e-09),
"RightLittleIntermediate": Transform3D(0.0269759, -0.314667, 0.94882, -0.722583, -0.662021, -0.199009, 0.69076, -0.680232, -0.245231, -3.35276e-08, 0, 0),
"RightLittleProximal": Transform3D(0.0332347, -0.37386, 0.92689, -0.977958, -0.203448, -0.0469946, 0.206143, -0.904897, -0.372381, -2.98023e-08, 0, 0),
"RightLowerArm": Transform3D(-0.00294648, 0.0416877, -0.999127, -0.985323, -0.17065, -0.00421409, -0.170676, 0.98445, 0.0415786, 0, 0, -2.98023e-08),
"RightLowerLeg": Transform3D(-0.0302772, -0.0584011, -0.997834, 0.991364, 0.125687, -0.037437, 0.127602, -0.99035, 0.0540912, 0, 0, 0),
"RightMiddleDistal": Transform3D(-0.00914917, -0.00537558, 0.999944, -0.748062, -0.663549, -0.0104117, 0.663567, -0.748115, 0.00204956, -3.35276e-08, 0, 0),
"RightMiddleIntermediate": Transform3D(-0.0876233, 0.00441288, 0.996145, -0.893805, -0.441857, -0.0766638, 0.439815, -0.897075, 0.0426611, -2.98023e-08, 0, 0),
"RightMiddleProximal": Transform3D(-0.0923522, 0.0101356, 0.995676, -0.9855, -0.143883, -0.0899437, 0.142349, -0.989544, 0.0232764, -3.1665e-08, 0, 0),
"RightRingDistal": Transform3D(-0.0387779, -0.219839, 0.974766, -0.708385, -0.681964, -0.181984, 0.704762, -0.697566, -0.129285, -3.72529e-08, 0, 0),
"RightRingIntermediate": Transform3D(-0.0358616, -0.211018, 0.976825, -0.851093, -0.505861, -0.140524, 0.52379, -0.836408, -0.161455, -3.72529e-08, 0, 0),
"RightRingProximal": Transform3D(-0.0819205, -0.291232, 0.95314, -0.965471, -0.214116, -0.148403, 0.247302, -0.932384, -0.263635, -3.72529e-08, 0, -5.96046e-08),
"RightShoulder": Transform3D(-0.267901, -0.953403, -0.138754, -0.949872, 0.285463, -0.127488, 0.161157, 0.0976445, -0.982087, 0, 3.72529e-09, 0),
"RightThumbDistal": Transform3D(0.160426, -0.0376438, 0.986337, -0.91326, -0.386397, 0.133618, 0.376089, -0.922222, -0.0963672, 0, 0, 2.98023e-08),
"RightThumbMetacarpal": Transform3D(0.211717, -0.115738, 0.970454, -0.977796, -0.0088897, 0.212258, -0.0159395, -0.993844, -0.11505, 0, 0, 0),
"RightThumbProximal": Transform3D(0.147744, -0.113501, 0.982502, -0.975028, -0.186899, 0.124853, 0.169457, -0.976412, -0.138279, 0, 0, 2.98023e-08),
"RightToes": Transform3D(0.0456046, 0.0278322, -0.998572, -0.998795, -0.0168641, -0.0460848, -0.0181227, 0.999471, 0.0270296, 0, 1.86265e-08, -3.1665e-08),
"RightUpperArm": Transform3D(-0.0674187, 0.996627, -0.0467996, -0.991124, -0.0615121, 0.117858, 0.114582, 0.0543299, 0.991927, -7.45058e-09, 0, 0),
"RightUpperLeg": Transform3D(0.0814197, 0.148357, 0.985577, 0.996679, -0.0108304, -0.0807066, -0.00129922, 0.988875, -0.148746, 0, 0, 0),
"Root": Transform3D(1, 0, 0, 0, 0, 1, 0, -1, 0, 0, 0, 0),
"Spine": Transform3D(-2.34923e-07, 6.929e-08, -1, 0.975559, 0.219739, -2.13979e-07, 0.219739, -0.975559, -1.18972e-07, 0, 0, 0),
"UpperChest": Transform3D(1.3204e-09, 7.67954e-08, -1, 0.966812, -0.255489, -1.83213e-08, -0.255489, -0.966812, -7.43373e-08, -6.88338e-15, 0, 0)
}
