[gd_resource type="Skin" format=3 uid="uid://jywftdfle5fg"]

[resource]
resource_name = "Skin"
bind_count = 51
bind/0/name = &"Root"
bind/0/bone = -1
bind/0/pose = Transform3D(1, 0, 0, 0, 1, 2.83277e-16, 0, -2.83277e-16, 1, 5.97488e-05, 0.00159274, -0.0013835)
bind/1/name = &"Hips"
bind/1/bone = -1
bind/1/pose = Transform3D(1, -1.1978e-07, -5.11565e-09, 1.19776e-07, 0.996618, 0.0821691, -4.99095e-09, -0.0821691, 0.996618, 5.98725e-05, -1.02893, 0.0940423)
bind/2/name = &"Spine"
bind/2/bone = -1
bind/2/pose = Transform3D(1, -1.55473e-07, -1.78539e-09, 1.54658e-07, 0.995675, -0.0929, 1.59744e-08, 0.0929, 0.995675, 5.99132e-05, -1.13632, -0.105753)
bind/3/name = &"UpperChest"
bind/3/bone = -1
bind/3/pose = Transform3D(1, -5.49025e-08, 5.93254e-09, 5.40928e-08, 0.995688, 0.09277, -1.12471e-08, -0.09277, 0.995688, 5.97741e-05, -1.38386, 0.162678)
bind/4/name = &"LeftShoulder"
bind/4/bone = -1
bind/4/pose = Transform3D(0.168728, -0.0914399, 0.981412, 0.984383, -0.0350817, -0.172508, 0.0502037, 0.995193, 0.0840927, 0.15382, 0.00989245, -1.46308)
bind/5/name = &"LeftUpperArm"
bind/5/bone = -1
bind/5/pose = Transform3D(-0.146921, 0.0581806, -0.987436, 0.545204, -0.828175, -0.129918, -0.825329, -0.557442, 0.0899559, -0.108365, 1.13245, 0.937551)
bind/6/name = &"LeftLowerArm"
bind/6/bone = -1
bind/6/pose = Transform3D(-0.74907, -0.650634, 0.124781, 0.656599, -0.704054, 0.270529, -0.0881632, 0.284576, 0.954591, 1.0371, 0.730609, -0.262973)
bind/7/name = &"lowerarm_twist_01_l"
bind/7/bone = -1
bind/7/pose = Transform3D(0.634113, -0.643243, 0.429115, 0.167609, -0.427419, -0.888381, 0.754856, 0.635257, -0.163218, 0.541493, 0.407064, -1.0258)
bind/8/name = &"upperarm_twist_01_l"
bind/8/bone = -1
bind/8/pose = Transform3D(0.64484, -0.760872, -0.0724998, -0.0680492, 0.037326, -0.996983, 0.761283, 0.647828, -0.0277074, 1.01727, -0.0892754, -1.05838)
bind/9/name = &"Neck"
bind/9/bone = -1
bind/9/pose = Transform3D(1, -1.14132e-07, -1.62678e-08, 1.12495e-07, 0.936385, 0.350974, -2.50567e-08, -0.350974, 0.936385, 5.98492e-05, -1.40704, 0.551835)
bind/10/name = &"Head"
bind/10/bone = -1
bind/10/pose = Transform3D(1, -1.14132e-07, -1.62678e-08, 1.12495e-07, 0.936386, 0.350974, -2.50567e-08, -0.350974, 0.936385, 5.98492e-05, -1.50417, 0.551835)
bind/11/name = &"hair_back_01_l"
bind/11/bone = -1
bind/11/pose = Transform3D(0.197834, -0.926865, -0.319036, 0.488459, 0.375396, -0.787709, 0.849864, -2.62368e-09, 0.527002, 1.39225, -0.705197, -0.0286813)
bind/12/name = &"hair_back_02_l"
bind/12/bone = -1
bind/12/pose = Transform3D(0.145423, -0.984628, -0.0967496, 0.819777, 0.174666, -0.545397, 0.553912, 6.90993e-08, 0.832575, 1.3959, -0.420826, 0.0464056)
bind/13/name = &"hair_back_03_l"
bind/13/bone = -1
bind/13/pose = Transform3D(1, 2.98023e-08, -8.94069e-08, -1.04599e-08, 1, -2.03209e-09, 2.79065e-08, 2.73414e-08, 1, -0.13691, -1.33025, 0.146823)
bind/14/name = &"hair_back_01_r"
bind/14/bone = -1
bind/14/pose = Transform3D(0.197834, 0.926864, 0.319036, 0.488459, -0.375396, 0.787709, 0.849864, 2.62368e-09, -0.527002, -1.39223, 0.705256, 0.0287827)
bind/15/name = &"hair_back_02_r"
bind/15/bone = -1
bind/15/pose = Transform3D(0.145423, 0.984628, 0.0967496, 0.819777, -0.174666, 0.545397, 0.553912, 6.39179e-09, -0.832575, -1.39588, 0.420925, -0.0463396)
bind/16/name = &"hair_back_03_r"
bind/16/bone = -1
bind/16/pose = Transform3D(1, 1.49012e-08, 5.96047e-08, -1.04598e-08, -1, -1.86879e-09, 2.79065e-08, 4.71644e-08, -1, 0.137029, 1.33025, -0.146824)
bind/17/name = &"hair_front_01_l"
bind/17/bone = -1
bind/17/pose = Transform3D(0.0918988, -0.995578, -0.0194658, 0.973969, 0.0939378, -0.206304, 0.20722, 1.15811e-08, 0.978294, 1.57755, -0.220893, -0.0475307)
bind/18/name = &"hair_front_02_l"
bind/18/bone = -1
bind/18/pose = Transform3D(0.422719, -0.870085, 0.253497, 0.746197, 0.492902, 0.44748, -0.514295, 1.12409e-08, 0.857613, 1.26942, -0.823135, 0.0192304)
bind/19/name = &"hair_front_03_l"
bind/19/bone = -1
bind/19/pose = Transform3D(1, -3.06544e-08, -6.71685e-15, -3.4934e-09, 1, 1.46654e-08, -3.31364e-08, 2.98024e-08, 1, -0.126207, -1.43056, -0.0532611)
bind/20/name = &"hair_back_01_mid"
bind/20/bone = -1
bind/20/pose = Transform3D(0.0981363, -0.962898, -0.25139, 0.350156, 0.269866, -0.896974, 0.931536, 1.52168e-08, 0.363648, 1.46592, -0.530474, 0.041159)
bind/21/name = &"hair_back_02_mid"
bind/21/bone = -1
bind/21/pose = Transform3D(0.109409, -0.970191, -0.216237, 0.438009, 0.24234, -0.86569, 0.892288, -7.21611e-09, 0.451467, 1.34682, -0.487842, 0.055531)
bind/22/name = &"hair_back_03_mid"
bind/22/bone = -1
bind/22/pose = Transform3D(1, -2.23517e-08, 3.7388e-16, -1.04598e-08, 1, -1.39882e-08, 2.79065e-08, -1.49012e-08, 1, -0.0274495, -1.33024, 0.177253)
bind/23/name = &"earring_r"
bind/23/bone = -1
bind/23/pose = Transform3D(1, -3.17103e-11, -2.98892e-09, 3.17139e-11, 1, -1.86265e-09, 2.98892e-09, 1.86264e-09, 1, 0.0677185, -1.61415, -0.00434687)
bind/24/name = &"earring_l"
bind/24/bone = -1
bind/24/pose = Transform3D(1, 4.25886e-11, -2.99063e-09, 4.25849e-11, -1, 1.86265e-09, -2.99063e-09, -1.86266e-09, -1, -0.068492, 1.61489, 0.00535856)
bind/25/name = &"RightShoulder"
bind/25/bone = -1
bind/25/pose = Transform3D(0.168729, 0.0914399, -0.981412, -0.984383, -0.0350841, -0.172508, -0.050206, 0.995192, 0.0840923, -0.1538, 0.00977839, -1.46308)
bind/26/name = &"RightUpperArm"
bind/26/bone = -1
bind/26/pose = Transform3D(-0.146921, -0.0581803, 0.987436, -0.545206, -0.828174, -0.129918, 0.825327, -0.557444, 0.0899558, 0.108347, 1.13238, 0.937652)
bind/27/name = &"RightLowerArm"
bind/27/bone = -1
bind/27/pose = Transform3D(-0.749078, 0.650625, -0.124776, -0.656589, -0.704064, 0.270527, 0.0881613, 0.284572, 0.954592, -1.03718, 0.730546, -0.262957)
bind/28/name = &"lowerarm_twist_01_r"
bind/28/bone = -1
bind/28/pose = Transform3D(0.634113, 0.643243, -0.429115, 0.16761, 0.427419, 0.888381, 0.754856, -0.635257, 0.163218, -0.541419, -0.407045, 1.02589)
bind/29/name = &"upperarm_twist_01_r"
bind/29/bone = -1
bind/29/pose = Transform3D(0.64484, 0.760872, 0.0724998, -0.068049, -0.0373261, 0.996984, 0.761283, -0.647828, 0.0277071, -1.0172, 0.0892676, 1.05848)
bind/30/name = &"LeftUpperLeg"
bind/30/bone = -1
bind/30/pose = Transform3D(-0.99915, -0.0411982, -0.00118664, 0.0412153, -0.998736, -0.0287664, -2.98023e-08, -0.0287909, 0.999585, 0.131885, 1.01356, 0.0332436)
bind/31/name = &"RightUpperLeg"
bind/31/bone = -1
bind/31/pose = Transform3D(-0.99915, 0.0411977, 0.00118665, -0.0412149, -0.998736, -0.0287667, 1.49012e-08, -0.0287911, 0.999586, -0.132003, 1.01355, 0.0332437)
bind/32/name = &"ik_hand_root"
bind/32/bone = -1
bind/32/pose = Transform3D(1, 0, 0, 0, 2.83277e-16, -1, 0, 1, 2.83277e-16, 5.97488e-05, 0.0013835, 0.00159274)
bind/33/name = &"ik_hand_gun"
bind/33/bone = -1
bind/33/pose = Transform3D(0.687474, 0.576042, -0.442216, -0.614358, 0.786022, 0.0688033, 0.387225, 0.224379, 0.894266, -0.352939, -1.12625, -0.071666)
bind/34/name = &"ik_hand_l"
bind/34/bone = -1
bind/34/pose = Transform3D(0.687474, -0.576042, 0.442216, -0.614358, -0.786022, -0.068804, 0.387226, -0.224378, -0.894266, 0.353079, 1.12612, 0.0717435)
bind/35/name = &"hair_twintails_05_r"
bind/35/bone = -1
bind/35/pose = Transform3D(1, -2.1347e-14, -4.06391e-15, -7.13615e-15, -1, -3.4796e-08, 1.94289e-15, 7.04784e-08, -1, 0.168611, 1.25431, -0.190851)
bind/36/name = &"hair_twintails_04_r"
bind/36/bone = -1
bind/36/pose = Transform3D(1, 1.49012e-08, -2.98023e-08, -2.09197e-08, -1, -3.4796e-08, 5.58129e-08, 4.06761e-08, -1, 0.142071, 1.40208, -0.168612)
bind/37/name = &"hair_twintails_03_r"
bind/37/bone = -1
bind/37/pose = Transform3D(0.25081, 0.918727, 0.305015, 0.583516, -0.394892, 0.709626, 0.772401, 3.72275e-08, -0.635136, -1.33588, 0.775809, -0.00135657)
bind/38/name = &"hair_twintails_02_r"
bind/38/bone = -1
bind/38/pose = Transform3D(0.140614, 0.966331, 0.215481, 0.528095, -0.257302, 0.809266, 0.837463, -2.25361e-08, -0.546495, -1.56945, 0.572671, 0.0189885)
bind/39/name = &"hair_twintails_01_r"
bind/39/bone = -1
bind/39/pose = Transform3D(0.182828, 0.882087, 0.434162, 0.342337, -0.471087, 0.812947, 0.921618, -1.31441e-08, -0.388099, -1.51692, 0.910686, 0.0454017)
bind/40/name = &"hair_twintails_05_l"
bind/40/bone = -1
bind/40/pose = Transform3D(1, 4.22619e-15, 1.37668e-14, -2.57825e-14, 1, -3.52935e-08, 1.28786e-14, -1.08738e-08, 1, -0.168491, -1.25431, 0.190852)
bind/41/name = &"hair_twintails_04_l"
bind/41/bone = -1
bind/41/pose = Transform3D(1, 4.72669e-09, -2.98023e-08, -1.74466e-08, 1, -9.48981e-08, -3.83663e-08, 7.85332e-08, 1, -0.141951, -1.40208, 0.168611)
bind/42/name = &"hair_twintails_03_l"
bind/42/bone = -1
bind/42/pose = Transform3D(0.25081, -0.918728, -0.305015, 0.583516, 0.394893, -0.709626, 0.772401, -1.96946e-08, 0.635136, 1.33591, -0.775739, 0.00144831)
bind/43/name = &"hair_twintails_02_l"
bind/43/bone = -1
bind/43/pose = Transform3D(0.140614, -0.966331, -0.215481, 0.528095, 0.257302, -0.809266, 0.837462, 2.97359e-08, 0.546495, 1.56946, -0.572607, -0.0188884)
bind/44/name = &"hair_twintails_01_l"
bind/44/bone = -1
bind/44/pose = Transform3D(0.182828, -0.882087, -0.434162, 0.342337, 0.471087, -0.812947, 0.921618, -1.31441e-08, 0.388099, 1.51694, -0.910644, -0.0452917)
bind/45/name = &"hair_twintails_bangs_01_l"
bind/45/bone = -1
bind/45/pose = Transform3D(0.0526991, -0.954858, -0.292349, 0.169393, 0.297061, -0.939713, 0.984139, 8.69431e-10, 0.177402, 1.63826, -0.426661, -0.0849349)
bind/46/name = &"hair_twintails_bangs_03_r"
bind/46/bone = -1
bind/46/pose = Transform3D(1, -6.62924e-09, -5.38458e-15, 5.22991e-09, -1, 2.8854e-08, -1.39532e-08, 6.70552e-08, -1, 0.052224, 1.54998, 0.0646466)
bind/47/name = &"hair_twintails_bangs_02_r"
bind/47/bone = -1
bind/47/pose = Transform3D(-0.318031, 0.9453, 0.072561, -0.921616, -0.326204, 0.210273, 0.222441, -1.11022e-16, 0.974946, -1.55459, 0.443886, -0.0514104)
bind/48/name = &"hair_twintails_bangs_01_r"
bind/48/bone = -1
bind/48/pose = Transform3D(0.0526991, 0.954859, 0.292349, 0.169393, -0.297061, 0.939713, 0.984139, -9.80194e-09, -0.177402, -1.63825, 0.426681, 0.0850523)
bind/49/name = &"hair_twintails_bangs_03_l"
bind/49/bone = -1
bind/49/pose = Transform3D(1, -1.82483e-15, 1.49012e-08, -2.09298e-08, 1, 7.15843e-08, -7.84487e-09, -3.72529e-08, 1, -0.0521046, -1.54998, -0.0646465)
bind/50/name = &"hair_twintails_bangs_02_l"
bind/50/bone = -1
bind/50/pose = Transform3D(-0.318031, -0.9453, -0.0725611, -0.921616, 0.326204, -0.210273, 0.222441, 3.13471e-08, -0.974946, 1.55454, -0.443994, 0.0514368)
metadata/humanoid_rotation_delta = {
"Chest": Transform3D(-2.40209e-07, 9.38726e-08, -1, 0.997807, 0.0661974, -2.33514e-07, 0.0661974, -0.997807, -1.09324e-07, 0, 0, -1.49012e-08),
"Head": Transform3D(-2.142e-07, 9.93483e-08, -1, 0.92805, -0.372457, -2.35705e-07, -0.372457, -0.92805, -1.21877e-08, 0, 0, 0),
"Hips": Transform3D(-1.64324e-07, 3.89432e-08, -1, 0.996912, -0.0785267, -1.66855e-07, -0.0785267, -0.996912, -2.56721e-08, 0, 0, 0),
"LeftFoot": Transform3D(-0.0263921, 0.0463408, 0.998577, -0.0159773, -0.998816, 0.0459296, 0.999524, -0.0147424, 0.0271013, 0, 0, 0),
"LeftHand": Transform3D(-0.016463, -0.000942662, 0.999864, 0.989258, 0.145255, 0.0164254, -0.14525, 0.989394, -0.00145864, -1.49012e-08, 0, 0),
"LeftIndexDistal": Transform3D(-0.13576, 0.290014, 0.947345, 0.963337, 0.261987, 0.0578492, -0.231415, 0.920465, -0.314948, -1.49012e-08, 0, 0),
"LeftIndexIntermediate": Transform3D(-0.0727857, 0.287095, 0.955133, 0.994099, 0.098121, 0.0462619, -0.0804363, 0.952864, -0.292543, -1.49012e-08, 0, 5.96046e-08),
"LeftIndexProximal": Transform3D(-0.103194, 0.251768, 0.96227, 0.992626, 0.0879292, 0.0834436, -0.0636027, 0.963786, -0.258985, -7.45058e-09, 0, 5.96046e-08),
"LeftLittleDistal": Transform3D(-0.04281, -0.307722, 0.950513, 0.71937, 0.650714, 0.243064, -0.693308, 0.694175, 0.193509, -1.49012e-08, 0, 7.45058e-09),
"LeftLittleIntermediate": Transform3D(0.0269816, -0.314669, 0.948818, 0.722589, 0.662015, 0.199005, -0.690752, 0.680236, 0.245239, -1.49012e-08, 0, 7.45058e-09),
"LeftLittleProximal": Transform3D(0.0332374, -0.373864, 0.926888, 0.977949, 0.203489, 0.0470096, -0.206186, 0.904886, 0.372383, -1.49012e-08, 0, 0),
"LeftLowerArm": Transform3D(-0.00293341, 0.0416894, -0.999127, 0.985324, 0.170645, 0.00422708, 0.170672, -0.98445, -0.0415779, 0, 0, 0),
"LeftLowerLeg": Transform3D(-0.030277, -0.0584008, -0.997834, -0.991363, -0.125688, 0.0374369, -0.127602, 0.990349, -0.054091, 0, 0, 0),
"LeftMiddleDistal": Transform3D(-0.00915299, -0.00537347, 0.999944, 0.748072, 0.663538, 0.0104133, -0.663556, 0.748125, -0.00205359, -1.49012e-08, 0, 0),
"LeftMiddleIntermediate": Transform3D(-0.0876264, 0.00441733, 0.996144, 0.893811, 0.441844, 0.0766653, -0.439802, 0.897081, -0.0426654, -1.49012e-08, 0, 0),
"LeftMiddleProximal": Transform3D(-0.0923536, 0.0101426, 0.995675, 0.985499, 0.143883, 0.0899441, -0.142348, 0.989543, -0.0232836, -1.30385e-08, 0, 0),
"LeftRingDistal": Transform3D(-0.0387873, -0.21983, 0.974767, 0.708409, 0.68194, 0.18198, -0.704736, 0.697592, 0.129279, -1.49012e-08, 0, 0),
"LeftRingIntermediate": Transform3D(-0.0358686, -0.211006, 0.976827, 0.851111, 0.505832, 0.140518, -0.52376, 0.836428, 0.161446, -1.49012e-08, 0, 3.72529e-09),
"LeftRingProximal": Transform3D(-0.0819346, -0.29122, 0.953141, 0.965474, 0.214093, 0.148408, -0.247279, 0.932393, 0.263624, -1.49012e-08, 0, 0),
"LeftShoulder": Transform3D(-0.267901, -0.953402, -0.138756, 0.949872, -0.285463, 0.12749, -0.161159, -0.0976463, 0.982086, -1.49012e-08, 0, 0),
"LeftThumbDistal": Transform3D(0.16041, -0.0376056, 0.986341, 0.913254, 0.38641, -0.133617, -0.376109, 0.922218, 0.096328, -5.96046e-08, 0, -2.98023e-08),
"LeftThumbMetacarpal": Transform3D(0.211706, -0.115699, 0.970462, 0.977798, 0.0089049, -0.212245, 0.0159147, 0.993849, 0.115015, -5.96046e-08, 0, 0),
"LeftThumbProximal": Transform3D(0.147737, -0.113459, 0.982508, 0.975025, 0.186913, -0.124851, -0.169477, 0.976414, 0.138239, 0, 0, -1.49012e-08),
"LeftToes": Transform3D(0.0456044, 0.0278322, -0.998572, 0.998795, 0.0168645, 0.0460846, 0.018123, -0.99947, -0.0270296, 0, 0, -3.72529e-09),
"LeftUpperArm": Transform3D(-0.0674196, 0.996627, -0.0467983, 0.991123, 0.0615128, -0.117862, -0.114585, -0.054329, -0.991927, 7.45058e-09, 0, 0),
"LeftUpperLeg": Transform3D(0.0814195, 0.148357, 0.985577, -0.996679, 0.0108301, 0.0807065, 0.00129952, -0.988874, 0.148746, 0, 0, 0),
"Neck": Transform3D(-2.03247e-07, 3.57246e-08, -1, 0.993536, -0.113525, -2.05902e-07, -0.113525, -0.993535, -1.21877e-08, 0, 0, 0),
"RightFoot": Transform3D(-0.0263921, 0.046341, 0.998577, 0.0159776, 0.998817, -0.0459299, -0.999524, 0.0147427, -0.0271013, 7.45058e-09, 1.11759e-08, 2.98023e-08),
"RightHand": Transform3D(-0.0164501, -0.00094445, 0.999865, -0.989264, -0.145216, -0.016413, 0.145212, -0.9894, 0.00145453, 0, -5.96046e-08, 5.96046e-08),
"RightIndexDistal": Transform3D(-0.135758, 0.29001, 0.947346, -0.963333, -0.262002, -0.0578428, 0.231432, -0.920462, 0.314945, -1.49012e-08, 0, 0),
"RightIndexIntermediate": Transform3D(-0.0727844, 0.28709, 0.955135, -0.994098, -0.0981367, -0.0462561, 0.0804539, -0.952864, 0.292538, -1.49012e-08, 0, 0),
"RightIndexProximal": Transform3D(-0.103194, 0.251762, 0.962272, -0.992627, -0.0879243, -0.0834454, 0.0635986, -0.963788, 0.258979, -7.45058e-09, 0, 0),
"RightLittleDistal": Transform3D(-0.0428157, -0.307718, 0.950514, -0.719363, -0.65072, -0.243067, 0.693314, -0.694172, -0.1935, -1.11759e-08, 0, 2.98023e-08),
"RightLittleIntermediate": Transform3D(0.026976, -0.314667, 0.948819, -0.722583, -0.662021, -0.199009, 0.690759, -0.680232, -0.245231, -1.11759e-08, 0, 2.98023e-08),
"RightLittleProximal": Transform3D(0.0332345, -0.37386, 0.92689, -0.977958, -0.203448, -0.0469949, 0.206143, -0.904897, -0.372381, -7.45058e-09, 0, 0),
"RightLowerArm": Transform3D(-0.00294701, 0.0416883, -0.999127, -0.985323, -0.17065, -0.00421387, -0.170676, 0.98445, 0.0415794, 0, 0, 0),
"RightLowerLeg": Transform3D(-0.0302772, -0.0584011, -0.997834, 0.991364, 0.125687, -0.037437, 0.127602, -0.99035, 0.0540912, 0, 0, 0),
"RightMiddleDistal": Transform3D(-0.00914866, -0.00537588, 0.999944, -0.748062, -0.663548, -0.0104114, 0.663566, -0.748116, 0.00204919, -7.45058e-09, 0, 2.98023e-08),
"RightMiddleIntermediate": Transform3D(-0.087623, 0.00441242, 0.996144, -0.893805, -0.441857, -0.0766637, 0.439814, -0.897076, 0.0426607, -7.45058e-09, 0, 2.98023e-08),
"RightMiddleProximal": Transform3D(-0.0923522, 0.0101351, 0.995675, -0.985499, -0.143883, -0.0899438, 0.142349, -0.989544, 0.0232761, -7.45058e-09, -5.96046e-08, 0),
"RightRingDistal": Transform3D(-0.0387776, -0.219839, 0.974766, -0.708383, -0.681965, -0.181984, 0.704763, -0.697564, -0.129285, -1.11759e-08, 0, 2.98023e-08),
"RightRingIntermediate": Transform3D(-0.0358614, -0.211018, 0.976824, -0.851092, -0.505862, -0.140524, 0.523791, -0.836407, -0.161455, -7.45058e-09, 0, 2.98023e-08),
"RightRingProximal": Transform3D(-0.0819208, -0.291232, 0.953139, -0.96547, -0.214117, -0.148404, 0.247303, -0.932384, -0.263635, -7.45058e-09, 0, 5.96046e-08),
"RightShoulder": Transform3D(-0.267901, -0.953403, -0.138756, -0.949873, 0.285463, -0.127488, 0.161157, 0.0976468, -0.982087, 1.49012e-08, 9.31323e-10, 0),
"RightThumbDistal": Transform3D(0.160427, -0.0376437, 0.986337, -0.91326, -0.386397, 0.133618, 0.376089, -0.922222, -0.0963675, 1.19209e-07, 0, 1.49012e-08),
"RightThumbMetacarpal": Transform3D(0.211717, -0.115738, 0.970454, -0.977796, -0.00889036, 0.212259, -0.0159391, -0.993844, -0.11505, 5.96046e-08, 0, 0),
"RightThumbProximal": Transform3D(0.147744, -0.113501, 0.982502, -0.975027, -0.186899, 0.124853, 0.169457, -0.976412, -0.13828, 5.96046e-08, -5.96046e-08, 0),
"RightToes": Transform3D(0.0456046, 0.0278322, -0.998572, -0.998795, -0.0168641, -0.0460848, -0.0181227, 0.999471, 0.0270296, 0, 1.86265e-08, -3.1665e-08),
"RightUpperArm": Transform3D(-0.0674191, 0.996627, -0.0467985, -0.991124, -0.0615126, 0.117859, 0.114582, 0.0543291, 0.991927, -7.45058e-09, 0, 0),
"RightUpperLeg": Transform3D(0.0814197, 0.148357, 0.985577, 0.996679, -0.0108304, -0.0807066, -0.00129922, 0.988875, -0.148746, 0, 0, 0),
"Root": Transform3D(1, 0, 0, 0, 0, 1, 0, -1, 0, 0, 0, 0),
"Spine": Transform3D(-2.34923e-07, 6.929e-08, -1, 0.975559, 0.219739, -2.13979e-07, 0.219739, -0.975559, -1.18972e-07, 0, 0, 0),
"UpperChest": Transform3D(-1.17027e-07, 9.11027e-08, -1, 0.966811, -0.255492, -1.36397e-07, -0.255492, -0.966811, -5.79328e-08, -1.42109e-14, 0, 0)
}
