[gd_resource type="Skin" format=3 uid="uid://cxtr7s3xgekiy"]

[resource]
resource_name = "Skin30"
bind_count = 52
bind/0/name = &"Hips"
bind/0/bone = -1
bind/0/pose = Transform3D(1, -1.1979e-07, -4.99998e-09, 1.19794e-07, 0.996619, 0.0821691, -4.87493e-09, -0.0821691, 0.996619, 1.23902e-07, -1.0304, 0.095552)
bind/1/name = &"Spine"
bind/1/bone = -1
bind/1/pose = Transform3D(1, -1.55464e-07, -1.67132e-09, 1.54638e-07, 0.995674, -0.0929034, 1.60923e-08, 0.0929034, 0.995674, 1.64678e-07, -1.13804, -0.104527)
bind/2/name = &"Chest"
bind/2/bone = -1
bind/2/pose = Transform3D(1, -1.49523e-07, -2.7722e-09, 1.46519e-07, 0.983269, -0.182159, 2.9948e-08, 0.182159, 0.983269, 1.57011e-07, -1.26882, -0.219641)
bind/3/name = &"UpperChest"
bind/3/bone = -1
bind/3/pose = Transform3D(1, 1.479e-07, 2.49385e-08, -1.49577e-07, 0.995688, 0.0927673, -1.11257e-08, -0.0927673, 0.995688, -2.56798e-07, -1.38532, 0.1642)
bind/4/name = &"LeftShoulder"
bind/4/bone = -1
bind/4/pose = Transform3D(0.168727, -0.0914375, 0.981412, 0.984383, -0.0350835, -0.172506, 0.0502049, 0.995192, 0.0840901, 0.15531, 0.0096535, -1.46455)
bind/5/name = &"LeftUpperArm"
bind/5/bone = -1
bind/5/pose = Transform3D(-0.146921, 0.0581795, -0.987436, 0.545205, -0.828174, -0.129917, -0.825327, -0.557443, 0.089956, -0.109813, 1.13355, 0.938614)
bind/6/name = &"LeftLowerArm"
bind/6/bone = -1
bind/6/pose = Transform3D(-0.74907, -0.650635, 0.124781, 0.656599, -0.704053, 0.27053, -0.0881633, 0.284576, 0.95459, 1.03836, 0.732065, -0.2621)
bind/7/name = &"upperarm_twist_01_l"
bind/7/bone = -1
bind/7/pose = Transform3D(0.64484, -0.760872, -0.0724998, -0.0680491, 0.037326, -0.996983, 0.761282, 0.647828, -0.0277074, 1.01834, -0.0907101, -1.0595)
bind/8/name = &"Neck"
bind/8/bone = -1
bind/8/pose = Transform3D(1, -9.53904e-08, -6.62508e-08, 1.12569e-07, 0.936385, 0.350973, 2.85427e-08, -0.350973, 0.936385, 7.09952e-08, -1.40805, 0.553689)
bind/9/name = &"Head"
bind/9/bone = -1
bind/9/pose = Transform3D(1, -9.53904e-08, -6.62508e-08, 1.12569e-07, 0.936386, 0.350973, 2.85427e-08, -0.350973, 0.936386, 7.09946e-08, -1.50518, 0.553689)
bind/10/name = &"hair_back_01_l"
bind/10/bone = -1
bind/10/pose = Transform3D(0.197834, -0.926864, -0.319036, 0.488459, 0.375396, -0.787709, 0.849864, 6.66134e-16, 0.527002, 1.39327, -0.706914, -0.0280029)
bind/11/name = &"hair_back_02_l"
bind/11/bone = -1
bind/11/pose = Transform3D(0.145423, -0.984628, -0.0967496, 0.819777, 0.174666, -0.545397, 0.553912, 2.93442e-08, 0.832575, 1.39732, -0.421908, 0.0475244)
bind/12/name = &"hair_back_03_l"
bind/12/bone = -1
bind/12/pose = Transform3D(1, 1.49012e-08, 1.39333e-14, 1.04599e-08, 1, -2.9358e-08, -2.79064e-08, 1.98231e-08, 1, -0.136969, -1.33184, 0.148207)
bind/13/name = &"hair_back_01_r"
bind/13/bone = -1
bind/13/pose = Transform3D(0.197834, 0.926865, 0.319036, 0.488459, -0.375396, 0.787709, 0.849864, 1.6435e-08, -0.527002, -1.39327, 0.706915, 0.0280028)
bind/14/name = &"hair_back_02_r"
bind/14/bone = -1
bind/14/pose = Transform3D(0.145423, 0.984628, 0.0967496, 0.819777, -0.174666, 0.545397, 0.553912, -3.60823e-16, -0.832575, -1.39733, 0.421909, -0.0475245)
bind/15/name = &"hair_back_03_r"
bind/15/bone = -1
bind/15/pose = Transform3D(1, -1.32945e-08, -2.98023e-08, 6.96638e-09, -1, 7.01945e-08, -6.10429e-08, -4.21748e-08, -1, 0.136969, 1.33184, -0.148207)
bind/16/name = &"hair_front_01_l"
bind/16/bone = -1
bind/16/pose = Transform3D(0.0918988, -0.995578, -0.0194657, 0.973968, 0.0939378, -0.206304, 0.20722, 3.42886e-08, 0.978294, 1.5791, -0.221386, -0.0461897)
bind/17/name = &"hair_front_02_l"
bind/17/bone = -1
bind/17/pose = Transform3D(0.422719, -0.870085, 0.253497, 0.746197, 0.492902, 0.44748, -0.514295, -1.0346e-08, 0.857613, 1.27113, -0.823345, 0.0204478)
bind/18/name = &"hair_front_03_l"
bind/18/bone = -1
bind/18/pose = Transform3D(1, 5.1089e-08, 2.98023e-08, -5.58129e-08, 1, 1.31115e-08, -2.09196e-08, 1.34061e-07, 1, -0.126267, -1.43215, -0.0518776)
bind/19/name = &"hair_back_01_mid"
bind/19/bone = -1
bind/19/pose = Transform3D(0.0981363, -0.962898, -0.25139, 0.350156, 0.269866, -0.896974, 0.931536, 8.68484e-10, 0.363648, 1.4671, -0.532166, 0.0416065)
bind/20/name = &"hair_back_02_mid"
bind/20/bone = -1
bind/20/pose = Transform3D(0.109408, -0.970191, -0.216237, 0.438009, 0.24234, -0.86569, 0.892288, -1.44508e-08, 0.451467, 1.34806, -0.489451, 0.0561023)
bind/21/name = &"hair_back_03_mid"
bind/21/bone = -1
bind/21/pose = Transform3D(1, 4.2405e-09, 2.98023e-08, 1.39532e-08, 1, 4.93927e-08, 5.22991e-09, 4.18107e-08, 1, -0.0275093, -1.33184, 0.178637)
bind/22/name = &"earring_r"
bind/22/bone = -1
bind/22/pose = Transform3D(1, -3.17138e-11, -2.98892e-09, 3.17034e-11, 1, -2.23517e-08, 2.98891e-09, -7.45059e-09, 1, 0.0676588, -1.61574, -0.0029634)
bind/23/name = &"earring_l"
bind/23/bone = -1
bind/23/pose = Transform3D(1, 4.25921e-11, -2.99063e-09, 4.25812e-11, -1, 2.23517e-08, -2.99063e-09, -2.23517e-08, -1, -0.0685517, 1.61648, 0.0039751)
bind/24/name = &"hair_twintails_01_l"
bind/24/bone = -1
bind/24/pose = Transform3D(0.182828, -0.882087, -0.434162, 0.342337, 0.471087, -0.812947, 0.921618, -8.9537e-10, 0.388099, 1.51773, -0.912539, -0.0448098)
bind/25/name = &"hair_twintails_02_l"
bind/25/bone = -1
bind/25/pose = Transform3D(0.140614, -0.966331, -0.215481, 0.528095, 0.257302, -0.809266, 0.837462, 2.15992e-08, 0.546495, 1.5707, -0.574169, -0.0181823)
bind/26/name = &"hair_twintails_03_l"
bind/26/bone = -1
bind/26/pose = Transform3D(0.25081, -0.918727, -0.305015, 0.583516, 0.394892, -0.709626, 0.772401, 2.35374e-08, 0.635136, 1.33693, -0.777385, 0.0022808)
bind/27/name = &"hair_twintails_04_l"
bind/27/bone = -1
bind/27/pose = Transform3D(1, -6.78299e-09, 2.98023e-08, 3.49341e-09, 1, 1.42554e-08, 3.31364e-08, 1.89286e-08, 1, -0.142011, -1.40367, 0.169995)
bind/28/name = &"hair_twintails_05_l"
bind/28/bone = -1
bind/28/pose = Transform3D(1, -4.6556e-15, -1.82077e-14, 2.63919e-15, 1, 1.42554e-08, 4.44089e-16, -4.06761e-08, 1, -0.168551, -1.2559, 0.192235)
bind/29/name = &"hair_twintails_01_r"
bind/29/bone = -1
bind/29/pose = Transform3D(0.182828, 0.882087, 0.434162, 0.342337, -0.471087, 0.812947, 0.921618, -1.31441e-08, -0.388099, -1.51773, 0.912541, 0.0448096)
bind/30/name = &"hair_twintails_02_r"
bind/30/bone = -1
bind/30/pose = Transform3D(0.140614, 0.966331, 0.215481, 0.528095, -0.257302, 0.809266, 0.837462, -1.34625e-08, -0.546495, -1.5707, 0.574169, 0.0181823)
bind/31/name = &"hair_twintails_03_r"
bind/31/bone = -1
bind/31/pose = Transform3D(0.25081, 0.918727, 0.305015, 0.583516, -0.394893, 0.709626, 0.772401, -4.10703e-08, -0.635136, -1.33693, 0.777384, -0.0022813)
bind/32/name = &"hair_twintails_04_r"
bind/32/bone = -1
bind/32/pose = Transform3D(1, 4.72668e-09, -5.96046e-08, 3.13794e-08, -1, 3.72305e-08, -8.37193e-08, 1.08737e-08, -1, 0.142011, 1.40367, -0.169995)
bind/33/name = &"hair_twintails_05_r"
bind/33/bone = -1
bind/33/pose = Transform3D(1, 2.8391e-14, 1.04927e-14, -1.86825e-14, -1, 7.42814e-09, -1.04916e-14, 1.08737e-08, -1, 0.168551, 1.2559, -0.192235)
bind/34/name = &"hair_twintails_bangs_01_l"
bind/34/bone = -1
bind/34/pose = Transform3D(0.0526991, -0.954859, -0.292349, 0.169393, 0.297061, -0.939713, 0.984139, 7.84095e-16, 0.177402, 1.63937, -0.428444, -0.0847482)
bind/35/name = &"hair_twintails_bangs_02_l"
bind/35/bone = -1
bind/35/pose = Transform3D(-0.318031, -0.9453, -0.072561, -0.921616, 0.326204, -0.210273, 0.222441, -5.85265e-08, -0.974946, 1.55597, -0.44475, 0.0500746)
bind/36/name = &"hair_twintails_bangs_03_l"
bind/36/bone = -1
bind/36/pose = Transform3D(1, 8.39709e-16, 1.49012e-08, -4.0113e-08, 1, 7.62732e-08, 8.78474e-10, -3.72528e-08, 1, -0.0521644, -1.55157, -0.063263)
bind/37/name = &"hair_twintails_bangs_01_r"
bind/37/bone = -1
bind/37/pose = Transform3D(0.0526991, 0.954859, 0.292349, 0.169393, -0.297061, 0.939713, 0.984139, 4.42656e-09, -0.177402, -1.63937, 0.428444, 0.0847481)
bind/38/name = &"hair_twintails_bangs_02_r"
bind/38/bone = -1
bind/38/pose = Transform3D(-0.318031, 0.945299, 0.072561, -0.921616, -0.326204, 0.210273, 0.222441, -9.72163e-09, 0.974946, -1.55597, 0.444751, -0.0500746)
bind/39/name = &"hair_twintails_bangs_03_r"
bind/39/bone = -1
bind/39/pose = Transform3D(1, -2.31731e-08, 1.49011e-08, 3.83663e-08, -1, 2.41651e-08, -1.74467e-08, 7.45047e-09, -1, 0.0521642, 1.55157, 0.0632631)
bind/40/name = &"hair_ponytail_01"
bind/40/bone = -1
bind/40/pose = Transform3D(-0.0945901, 0.192836, -0.976661, 0.0185892, 0.981231, 0.191938, 0.995343, -1.82768e-09, -0.0963994, -0.40362, -1.69902, -0.00949045)
bind/41/name = &"hair_ponytail_02"
bind/41/bone = -1
bind/41/pose = Transform3D(0.00565906, -0.796716, -0.604327, 0.00746031, 0.604353, -0.796682, 0.999956, -2.8142e-10, 0.00936383, 1.33682, -1.13909, 0.00225694)
bind/42/name = &"hair_ponytail_03"
bind/42/bone = -1
bind/42/pose = Transform3D(0.074292, -0.981386, -0.177094, 0.379644, 0.192046, -0.90498, 0.922145, 7.3119e-09, 0.386844, 1.63397, -0.444842, 0.052439)
bind/43/name = &"hair_ponytail_04"
bind/43/bone = -1
bind/43/pose = Transform3D(-0.0201048, -0.999752, -0.00956188, -0.902843, 0.0222628, -0.429394, 0.429501, -3.63126e-08, -0.903067, 1.5812, -0.0996647, -0.138347)
bind/44/name = &"hair_ponytail_05"
bind/44/bone = -1
bind/44/pose = Transform3D(-0.040805, -0.998489, -0.0367933, -0.741549, 0.0549436, -0.668645, 0.669656, -6.48717e-08, -0.742671, 1.45175, -0.182116, -0.11504)
bind/45/name = &"hair_ponytail_06"
bind/45/bone = -1
bind/45/pose = Transform3D(1, -7.31692e-09, 2.98024e-08, -6.98681e-09, 1, -5.05532e-08, -6.62727e-08, -7.45058e-08, 1, -0.00217669, -1.31141, 0.159253)
bind/46/name = &"RightShoulder"
bind/46/bone = -1
bind/46/pose = Transform3D(0.168728, 0.0914375, -0.981412, -0.984383, -0.0350863, -0.172507, -0.0502076, 0.995192, 0.0840896, -0.15531, 0.00965773, -1.46455)
bind/47/name = &"RightUpperArm"
bind/47/bone = -1
bind/47/pose = Transform3D(-0.146921, -0.0581803, 0.987436, -0.545207, -0.828172, -0.129918, 0.825326, -0.557445, 0.0899557, 0.109814, 1.13355, 0.938616)
bind/48/name = &"RightLowerArm"
bind/48/bone = -1
bind/48/pose = Transform3D(-0.749079, 0.650625, -0.124775, -0.656589, -0.704063, 0.270527, 0.0881619, 0.284572, 0.954592, -1.03835, 0.732079, -0.262094)
bind/49/name = &"upperarm_twist_01_r"
bind/49/bone = -1
bind/49/pose = Transform3D(0.64484, 0.760872, 0.0724998, -0.068049, -0.0373261, 0.996984, 0.761283, -0.647828, 0.0277071, -1.01835, 0.0907105, 1.0595)
bind/50/name = &"breast_l"
bind/50/bone = -1
bind/50/pose = Transform3D(1, -8.20647e-10, -1.42423e-08, 8.20655e-10, 1, 7.45057e-09, 1.42423e-08, -7.45057e-09, 1, -0.0845849, -1.33439, -0.112836)
bind/51/name = &"ik_hand_gun"
bind/51/bone = -1
bind/51/pose = Transform3D(0.687474, 0.576042, -0.442216, -0.614358, 0.786022, 0.0688033, 0.387225, 0.224379, 0.894266, -0.354509, -1.12737, -0.0708093)
metadata/humanoid_rotation_delta = {
"Chest": Transform3D(-8.12291e-08, -7.46658e-08, -1, 0.997807, 0.0661911, -8.60388e-08, 0.0661911, -0.997807, 6.93691e-08, 0, 0, 0),
"Head": Transform3D(-1.11383e-08, -9.83386e-09, -1, 0.92805, -0.372457, -6.58761e-09, -0.372457, -0.92805, 1.35071e-08, 0, 0, 0),
"Hips": Transform3D(-5.05746e-08, -2.06783e-08, -1, 0.996912, -0.0785268, -4.87747e-08, -0.0785268, -0.996912, 2.4833e-08, 0, 0, 0),
"LeftFoot": Transform3D(-0.0263924, 0.0463405, 0.998577, -0.0159767, -0.998816, 0.0459294, 0.999524, -0.0147419, 0.0271015, 0, 3.72529e-09, -2.98023e-08),
"LeftHand": Transform3D(-0.0164674, -0.000944003, 0.999863, 0.989256, 0.145265, 0.0164291, -0.145261, 0.989394, -0.00145831, 1.49012e-08, 0, 1.19209e-07),
"LeftIndexDistal": Transform3D(-0.135757, 0.290018, 0.947343, 0.963335, 0.261993, 0.0578414, -0.231421, 0.920462, -0.314952, -7.45058e-09, 5.96046e-08, 5.96046e-08),
"LeftIndexIntermediate": Transform3D(-0.0727817, 0.287099, 0.955131, 0.994098, 0.0981279, 0.0462543, -0.0804439, 0.952863, -0.292546, 0, 1.19209e-07, 5.96046e-08),
"LeftIndexProximal": Transform3D(-0.103196, 0.25177, 0.962268, 0.992626, 0.0879174, 0.0834473, -0.0635892, 0.963786, -0.258987, 0, 1.19209e-07, 0),
"LeftLittleDistal": Transform3D(-0.0427952, -0.307738, 0.950507, 0.71941, 0.650674, 0.243053, -0.693264, 0.694207, 0.193545, -1.30385e-08, 1.19209e-07, -2.98023e-08),
"LeftLittleIntermediate": Transform3D(0.0269968, -0.314685, 0.948811, 0.722629, 0.661976, 0.19899, -0.690707, 0.680267, 0.245272, -9.31323e-09, 2.38419e-07, -2.23517e-08),
"LeftLittleProximal": Transform3D(0.0332545, -0.373872, 0.926883, 0.977937, 0.203535, 0.0470116, -0.206229, 0.904873, 0.372393, -1.49012e-08, 5.96046e-08, 5.96046e-08),
"LeftLowerArm": Transform3D(-0.00293348, 0.04169, -0.999127, 0.985324, 0.170645, 0.00422757, 0.170672, -0.98445, -0.0415787, 1.19209e-07, -5.96046e-08, 0),
"LeftLowerLeg": Transform3D(-0.0302768, -0.0584006, -0.997834, -0.991363, -0.125688, 0.0374367, -0.127602, 0.990349, -0.0540908, 0, 0, 0),
"LeftMiddleDistal": Transform3D(-0.00915377, -0.00536124, 0.999943, 0.748069, 0.66354, 0.0104049, -0.663557, 0.748122, -0.00206281, -3.72529e-09, 2.38419e-07, 2.98023e-08),
"LeftMiddleIntermediate": Transform3D(-0.0876243, 0.00442939, 0.996143, 0.89381, 0.441848, 0.0766572, -0.439803, 0.89708, -0.042675, -3.72529e-09, 1.19209e-07, 2.98023e-08),
"LeftMiddleProximal": Transform3D(-0.09236, 0.0101497, 0.995672, 0.985503, 0.143849, 0.0899493, -0.142313, 0.989548, -0.0232885, -5.58794e-09, 5.96046e-08, 1.19209e-07),
"LeftRingDistal": Transform3D(-0.038776, -0.219813, 0.97477, 0.708413, 0.681941, 0.181959, -0.704731, 0.697596, 0.129277, -7.45058e-09, 1.19209e-07, 0),
"LeftRingIntermediate": Transform3D(-0.0358546, -0.210992, 0.976829, 0.851114, 0.505833, 0.140498, -0.523754, 0.836431, 0.161443, -1.11759e-08, 0, 0),
"LeftRingProximal": Transform3D(-0.0819366, -0.291215, 0.953141, 0.965476, 0.214082, 0.148405, -0.247267, 0.932397, 0.263621, -2.23517e-08, 1.19209e-07, 5.96046e-08),
"LeftShoulder": Transform3D(-0.267902, -0.953402, -0.138754, 0.949872, -0.285465, 0.127489, -0.161157, -0.0976442, 0.982086, 0, 0, 0),
"LeftThumbDistal": Transform3D(0.160395, -0.0376048, 0.986345, 0.91326, 0.386402, -0.133605, -0.376103, 0.922219, 0.0963208, 5.96046e-08, 1.19209e-07, 0),
"LeftThumbMetacarpal": Transform3D(0.211703, -0.115692, 0.970464, 0.977799, 0.00890574, -0.212243, 0.0159124, 0.993847, 0.115008, -5.96046e-08, 1.19209e-07, 5.96046e-08),
"LeftThumbProximal": Transform3D(0.147722, -0.113456, 0.982512, 0.975029, 0.186902, -0.12484, -0.169471, 0.976415, 0.138232, -5.96046e-08, 1.19209e-07, 2.98023e-08),
"LeftToes": Transform3D(0.045604, 0.0278325, -0.998572, 0.998794, 0.016865, 0.0460842, 0.0181235, -0.999471, -0.0270299, 0, -3.72529e-09, 2.98023e-08),
"LeftUpperArm": Transform3D(-0.0674185, 0.996627, -0.0467982, 0.991123, 0.0615118, -0.11786, -0.114584, -0.0543286, -0.991927, 0, 0, 0),
"LeftUpperLeg": Transform3D(0.0814192, 0.148357, 0.985576, -0.996679, 0.0108298, 0.0807062, 0.00129979, -0.988875, 0.148746, 0, 0, 0),
"Neck": Transform3D(1.4705e-08, -7.5034e-08, -1, 0.993535, -0.113525, 2.32147e-08, -0.113525, -0.993535, 7.31118e-08, 0, 0, 0),
"RightFoot": Transform3D(-0.0263921, 0.0463407, 0.998577, 0.0159772, 0.998817, -0.0459295, -0.999525, 0.0147423, -0.0271013, -7.45058e-09, 3.72529e-09, -5.96046e-08),
"RightHand": Transform3D(-0.0164521, -0.000945166, 0.999863, -0.989261, -0.145228, -0.0164139, 0.145224, -0.989399, 0.00145457, -1.49012e-08, 0, 0),
"RightIndexDistal": Transform3D(-0.135758, 0.290013, 0.947344, -0.963335, -0.261991, -0.0578442, 0.231418, -0.920465, 0.314947, 0, 1.19209e-07, 0),
"RightIndexIntermediate": Transform3D(-0.0727834, 0.287093, 0.955134, -0.994097, -0.0981255, -0.0462572, 0.0804407, -0.952865, 0.29254, -7.45058e-09, 1.19209e-07, 0),
"RightIndexProximal": Transform3D(-0.103196, 0.251764, 0.962271, -0.992625, -0.0879122, -0.0834489, 0.0635848, -0.963788, 0.25898, -1.49012e-08, 1.19209e-07, 0),
"RightLittleDistal": Transform3D(-0.0428156, -0.30771, 0.950516, -0.719375, -0.65071, -0.243057, 0.693298, -0.694185, -0.1935, -3.72529e-09, 0, 0),
"RightLittleIntermediate": Transform3D(0.0269763, -0.314658, 0.948821, -0.722594, -0.662012, -0.198998, 0.690744, -0.680246, -0.24523, -3.72529e-09, 0, 0),
"RightLittleProximal": Transform3D(0.0332284, -0.373857, 0.926891, -0.977959, -0.203433, -0.0469936, 0.206128, -0.904902, -0.372377, -7.45058e-09, 0, 0),
"RightLowerArm": Transform3D(-0.00294731, 0.0416884, -0.999127, -0.985322, -0.17065, -0.00421442, -0.170678, 0.984449, 0.0415799, 0, 0, 0),
"RightLowerLeg": Transform3D(-0.0302771, -0.0584006, -0.997834, 0.991364, 0.125688, -0.037437, 0.127602, -0.990349, 0.0540907, 0, 5.96046e-08, 0),
"RightMiddleDistal": Transform3D(-0.00914823, -0.00536999, 0.999943, -0.748069, -0.663539, -0.0104064, 0.663556, -0.748124, 0.00205273, -3.72529e-09, 0, 0),
"RightMiddleIntermediate": Transform3D(-0.0876208, 0.00441802, 0.996143, -0.893809, -0.441847, -0.076659, 0.439802, -0.897081, 0.0426633, -3.72529e-09, 0, 0),
"RightMiddleProximal": Transform3D(-0.0923566, 0.0101368, 0.995674, -0.985498, -0.143873, -0.0899471, 0.142338, -0.989545, 0.0232776, -3.72529e-09, 0, 0),
"RightRingDistal": Transform3D(-0.0387857, -0.219827, 0.974767, -0.708359, -0.681989, -0.181985, 0.704783, -0.697545, -0.129266, 0, 0, 0),
"RightRingIntermediate": Transform3D(-0.0358663, -0.211005, 0.976826, -0.851075, -0.50589, -0.140526, 0.523816, -0.836393, -0.161438, 0, 0, 0),
"RightRingProximal": Transform3D(-0.0819341, -0.291231, 0.953137, -0.96547, -0.2141, -0.148411, 0.247288, -0.932388, -0.263633, 0, 0, 0),
"RightShoulder": Transform3D(-0.267902, -0.953402, -0.138754, -0.949873, 0.285464, -0.127486, 0.161155, 0.0976453, -0.982086, -1.49012e-08, -9.31323e-10, 0),
"RightThumbDistal": Transform3D(0.16043, -0.0376401, 0.986338, -0.913256, -0.386405, 0.133624, 0.376099, -0.922216, -0.0963671, 0, 0, 0),
"RightThumbMetacarpal": Transform3D(0.211708, -0.115742, 0.970457, -0.977797, -0.00886512, 0.212253, -0.0159628, -0.993841, -0.115049, 0, 0, 0),
"RightThumbProximal": Transform3D(0.147748, -0.113498, 0.982503, -0.975025, -0.186907, 0.124858, 0.169467, -0.976409, -0.138279, 0, 0, 0),
"RightToes": Transform3D(0.0456043, 0.0278322, -0.998572, -0.998794, -0.0168647, -0.0460844, -0.0181233, 0.999473, 0.0270296, 1.49012e-08, 1.49012e-08, 6.14673e-08),
"RightUpperArm": Transform3D(-0.0674198, 0.996627, -0.0467986, -0.991122, -0.0615132, 0.117857, 0.114581, 0.0543291, 0.991927, 1.49012e-08, 0, 0),
"RightUpperLeg": Transform3D(0.0814195, 0.148357, 0.985577, 0.99668, -0.0108301, -0.0807066, -0.00129953, 0.988875, -0.148746, 0, 0, 0),
"Root": Transform3D(1, 0, 0, 0, 0, 1, 0, -1, 0, 0, 0, 0),
"Spine": Transform3D(-4.76057e-08, -2.68156e-08, -1, 0.975558, 0.219742, -5.23582e-08, 0.219742, -0.975558, 1.5946e-08, -7.10543e-15, 0, 0),
"UpperChest": Transform3D(2.03961e-07, -1.65582e-07, -1, 0.966812, -0.255489, 2.39519e-07, -0.255489, -0.966812, 1.08224e-07, 0, 0, 0)
}
