[gd_resource type="Skin" format=3 uid="uid://blkrcmj1ad3e1"]

[resource]
resource_name = "Skin9"
bind_count = 93
bind/0/name = &"Root"
bind/0/bone = -1
bind/0/pose = Transform3D(1, 0, 0, 0, 1, 2.83277e-16, 0, -2.83277e-16, 1, 0, 0, 0)
bind/1/name = &"Hips"
bind/1/bone = -1
bind/1/pose = Transform3D(1, -1.1979e-07, -4.99998e-09, 1.19794e-07, 0.996619, 0.0821691, -4.87493e-09, -0.0821691, 0.996619, 1.23902e-07, -1.0304, 0.095552)
bind/2/name = &"Spine"
bind/2/bone = -1
bind/2/pose = Transform3D(1, -1.55464e-07, -1.67132e-09, 1.54638e-07, 0.995674, -0.0929034, 1.60923e-08, 0.0929034, 0.995674, 1.64678e-07, -1.13804, -0.104527)
bind/3/name = &"Chest"
bind/3/bone = -1
bind/3/pose = Transform3D(1, -1.49523e-07, -2.7722e-09, 1.46519e-07, 0.983269, -0.182159, 2.9948e-08, 0.182159, 0.983269, 1.57011e-07, -1.26882, -0.219641)
bind/4/name = &"UpperChest"
bind/4/bone = -1
bind/4/pose = Transform3D(1, 1.479e-07, 2.49385e-08, -1.49577e-07, 0.995688, 0.0927673, -1.11257e-08, -0.0927673, 0.995688, -2.56798e-07, -1.38532, 0.1642)
bind/5/name = &"LeftShoulder"
bind/5/bone = -1
bind/5/pose = Transform3D(0.168727, -0.0914375, 0.981412, 0.984383, -0.0350835, -0.172506, 0.0502049, 0.995192, 0.0840901, 0.15531, 0.0096535, -1.46455)
bind/6/name = &"LeftUpperArm"
bind/6/bone = -1
bind/6/pose = Transform3D(-0.146921, 0.0581795, -0.987436, 0.545205, -0.828174, -0.129917, -0.825327, -0.557443, 0.089956, -0.109813, 1.13355, 0.938614)
bind/7/name = &"LeftLowerArm"
bind/7/bone = -1
bind/7/pose = Transform3D(-0.74907, -0.650635, 0.124781, 0.656599, -0.704053, 0.27053, -0.0881633, 0.284576, 0.95459, 1.03836, 0.732065, -0.2621)
bind/8/name = &"LeftHand"
bind/8/bone = -1
bind/8/pose = Transform3D(0.0151147, -0.205086, -0.978627, 0.605264, -0.777172, 0.172217, -0.795881, -0.594932, 0.112384, 0.204608, 0.607082, 0.996292)
bind/9/name = &"LeftIndexProximal"
bind/9/bone = -1
bind/9/pose = Transform3D(-0.0284988, -0.0586853, -0.997869, 0.28191, -0.958224, 0.0483032, -0.959017, -0.279934, 0.0438519, 0.0961648, 0.860307, 0.743345)
bind/10/name = &"LeftIndexIntermediate"
bind/10/bone = -1
bind/10/pose = Transform3D(-0.0307072, -0.0265192, -0.999177, 0.0679515, -0.997391, 0.0243841, -0.997216, -0.0671478, 0.0324288, 0.0649529, 0.968434, 0.54833)
bind/11/name = &"LeftIndexDistal"
bind/11/bone = -1
bind/11/pose = Transform3D(-0.0307072, -0.0265192, -0.999177, 0.0679515, -0.997391, 0.0243841, -0.997216, -0.0671478, 0.0324288, 0.0649529, 0.941044, 0.54833)
bind/12/name = &"LeftMiddleProximal"
bind/12/bone = -1
bind/12/pose = Transform3D(-0.0356786, -0.0111452, -0.999301, 0.249695, -0.968322, 0.00188525, -0.967667, -0.249455, 0.037331, 0.0274344, 0.886354, 0.71932)
bind/13/name = &"LeftMiddleIntermediate"
bind/13/bone = -1
bind/13/pose = Transform3D(-0.0418736, -0.032888, -0.998582, -0.27342, -0.960928, 0.0431136, -0.960983, 0.274836, 0.0312447, 0.0522293, 1.09565, 0.190648)
bind/14/name = &"LeftMiddleDistal"
bind/14/bone = -1
bind/14/pose = Transform3D(-0.0418736, -0.032888, -0.998581, -0.27342, -0.960928, 0.0431136, -0.960983, 0.274836, 0.0312447, 0.0522293, 1.06716, 0.190648)
bind/15/name = &"LeftLittleProximal"
bind/15/bone = -1
bind/15/pose = Transform3D(-0.0493054, 0.0739117, -0.996045, 0.219764, -0.972015, -0.0830065, -0.974306, -0.222989, 0.0316822, -0.0967068, 0.901825, 0.683025)
bind/16/name = &"LeftLittleIntermediate"
bind/16/bone = -1
bind/16/pose = Transform3D(-0.0807598, 0.019009, -0.996552, -0.494786, -0.868697, 0.023527, -0.865254, 0.494979, 0.0795607, -0.0263935, 1.1126, -0.0932363)
bind/17/name = &"LeftLittleDistal"
bind/17/bone = -1
bind/17/pose = Transform3D(-0.0807599, 0.019009, -0.996552, -0.494786, -0.868697, 0.023527, -0.865254, 0.494979, 0.0795606, -0.0263935, 1.09491, -0.0932368)
bind/18/name = &"LeftRingProximal"
bind/18/bone = -1
bind/18/pose = Transform3D(-0.0213004, 0.0575729, -0.998114, 0.135327, -0.988987, -0.0599337, -0.990572, -0.136349, 0.0132743, -0.072071, 0.960586, 0.608156)
bind/19/name = &"LeftRingIntermediate"
bind/19/bone = -1
bind/19/pose = Transform3D(-0.0594301, -0.0326566, -0.997698, -0.386807, -0.920627, 0.0531753, -0.920244, 0.389075, 0.0420805, 0.0368528, 1.11149, 0.0467075)
bind/20/name = &"LeftRingDistal"
bind/20/bone = -1
bind/20/pose = Transform3D(-0.0594301, -0.0326566, -0.997698, -0.386807, -0.920627, 0.0531753, -0.920244, 0.389076, 0.0420805, 0.0368527, 1.08635, 0.0467073)
bind/21/name = &"LeftThumbMetacarpal"
bind/21/bone = -1
bind/21/pose = Transform3D(0.914394, 0.319578, 0.248504, 0.0392313, -0.681293, 0.731791, 0.403168, -0.659395, -0.635507, -0.728443, 0.708361, 0.552988)
bind/22/name = &"LeftThumbProximal"
bind/22/bone = -1
bind/22/pose = Transform3D(0.933889, 0.187849, 0.304243, 0.0678603, -0.929058, 0.365327, 0.351285, -0.320528, -0.880384, -0.599707, 0.938086, 0.226535)
bind/23/name = &"LeftThumbDistal"
bind/23/bone = -1
bind/23/pose = Transform3D(0.93389, 0.187849, 0.304243, 0.0678603, -0.929058, 0.365327, 0.351285, -0.320528, -0.880384, -0.599707, 0.909786, 0.226536)
bind/24/name = &"lowerarm_twist_01_l"
bind/24/bone = -1
bind/24/pose = Transform3D(0.634113, -0.643243, 0.429115, 0.167609, -0.427419, -0.88838, 0.754856, 0.635257, -0.163218, 0.543073, 0.406505, -1.02708)
bind/25/name = &"upperarm_twist_01_l"
bind/25/bone = -1
bind/25/pose = Transform3D(0.64484, -0.760872, -0.0724998, -0.0680491, 0.037326, -0.996983, 0.761282, 0.647828, -0.0277074, 1.01834, -0.0907101, -1.0595)
bind/26/name = &"Neck"
bind/26/bone = -1
bind/26/pose = Transform3D(1, -9.53904e-08, -6.62508e-08, 1.12569e-07, 0.936385, 0.350973, 2.85427e-08, -0.350973, 0.936385, 7.09952e-08, -1.40805, 0.553689)
bind/27/name = &"Head"
bind/27/bone = -1
bind/27/pose = Transform3D(1, -9.53904e-08, -6.62508e-08, 1.12569e-07, 0.936386, 0.350973, 2.85427e-08, -0.350973, 0.936386, 7.09946e-08, -1.50518, 0.553689)
bind/28/name = &"hair_back_01_l"
bind/28/bone = -1
bind/28/pose = Transform3D(0.197834, -0.926864, -0.319036, 0.488459, 0.375396, -0.787709, 0.849864, 6.66134e-16, 0.527002, 1.39327, -0.706914, -0.0280029)
bind/29/name = &"hair_back_02_l"
bind/29/bone = -1
bind/29/pose = Transform3D(0.145423, -0.984628, -0.0967496, 0.819777, 0.174666, -0.545397, 0.553912, 2.93442e-08, 0.832575, 1.39732, -0.421908, 0.0475244)
bind/30/name = &"hair_back_03_l"
bind/30/bone = -1
bind/30/pose = Transform3D(1, 1.49012e-08, 1.39333e-14, 1.04599e-08, 1, -2.9358e-08, -2.79064e-08, 1.98231e-08, 1, -0.136969, -1.33184, 0.148207)
bind/31/name = &"hair_back_01_r"
bind/31/bone = -1
bind/31/pose = Transform3D(0.197834, 0.926865, 0.319036, 0.488459, -0.375396, 0.787709, 0.849864, 1.6435e-08, -0.527002, -1.39327, 0.706915, 0.0280028)
bind/32/name = &"hair_back_02_r"
bind/32/bone = -1
bind/32/pose = Transform3D(0.145423, 0.984628, 0.0967496, 0.819777, -0.174666, 0.545397, 0.553912, -3.60823e-16, -0.832575, -1.39733, 0.421909, -0.0475245)
bind/33/name = &"hair_back_03_r"
bind/33/bone = -1
bind/33/pose = Transform3D(1, -1.32945e-08, -2.98023e-08, 6.96638e-09, -1, 7.01945e-08, -6.10429e-08, -4.21748e-08, -1, 0.136969, 1.33184, -0.148207)
bind/34/name = &"hair_front_01_l"
bind/34/bone = -1
bind/34/pose = Transform3D(0.0918988, -0.995578, -0.0194657, 0.973968, 0.0939378, -0.206304, 0.20722, 3.42886e-08, 0.978294, 1.5791, -0.221386, -0.0461897)
bind/35/name = &"hair_front_02_l"
bind/35/bone = -1
bind/35/pose = Transform3D(0.422719, -0.870085, 0.253497, 0.746197, 0.492902, 0.44748, -0.514295, -1.0346e-08, 0.857613, 1.27113, -0.823345, 0.0204478)
bind/36/name = &"hair_front_03_l"
bind/36/bone = -1
bind/36/pose = Transform3D(1, 5.1089e-08, 2.98023e-08, -5.58129e-08, 1, 1.31115e-08, -2.09196e-08, 1.34061e-07, 1, -0.126267, -1.43215, -0.0518776)
bind/37/name = &"hair_back_01_mid"
bind/37/bone = -1
bind/37/pose = Transform3D(0.0981363, -0.962898, -0.25139, 0.350156, 0.269866, -0.896974, 0.931536, 8.68484e-10, 0.363648, 1.4671, -0.532166, 0.0416065)
bind/38/name = &"hair_back_02_mid"
bind/38/bone = -1
bind/38/pose = Transform3D(0.109408, -0.970191, -0.216237, 0.438009, 0.24234, -0.86569, 0.892288, -1.44508e-08, 0.451467, 1.34806, -0.489451, 0.0561023)
bind/39/name = &"hair_back_03_mid"
bind/39/bone = -1
bind/39/pose = Transform3D(1, 4.2405e-09, 2.98023e-08, 1.39532e-08, 1, 4.93927e-08, 5.22991e-09, 4.18107e-08, 1, -0.0275093, -1.33184, 0.178637)
bind/40/name = &"earring_r"
bind/40/bone = -1
bind/40/pose = Transform3D(1, -3.17138e-11, -2.98892e-09, 3.17034e-11, 1, -2.23517e-08, 2.98891e-09, -7.45059e-09, 1, 0.0676588, -1.61574, -0.0029634)
bind/41/name = &"hair_twintails_03_l"
bind/41/bone = -1
bind/41/pose = Transform3D(0.25081, -0.918727, -0.305015, 0.583516, 0.394892, -0.709626, 0.772401, 2.35374e-08, 0.635136, 1.33693, -0.777385, 0.0022808)
bind/42/name = &"hair_twintails_04_l"
bind/42/bone = -1
bind/42/pose = Transform3D(1, -6.78299e-09, 2.98023e-08, 3.49341e-09, 1, 1.42554e-08, 3.31364e-08, 1.89286e-08, 1, -0.142011, -1.40367, 0.169995)
bind/43/name = &"hair_twintails_05_l"
bind/43/bone = -1
bind/43/pose = Transform3D(1, -4.6556e-15, -1.82077e-14, 2.63919e-15, 1, 1.42554e-08, 4.44089e-16, -4.06761e-08, 1, -0.168551, -1.2559, 0.192235)
bind/44/name = &"hair_twintails_03_r"
bind/44/bone = -1
bind/44/pose = Transform3D(0.25081, 0.918727, 0.305015, 0.583516, -0.394893, 0.709626, 0.772401, -4.10703e-08, -0.635136, -1.33693, 0.777384, -0.0022813)
bind/45/name = &"hair_twintails_04_r"
bind/45/bone = -1
bind/45/pose = Transform3D(1, 4.72668e-09, -5.96046e-08, 3.13794e-08, -1, 3.72305e-08, -8.37193e-08, 1.08737e-08, -1, 0.142011, 1.40367, -0.169995)
bind/46/name = &"hair_twintails_05_r"
bind/46/bone = -1
bind/46/pose = Transform3D(1, 2.8391e-14, 1.04927e-14, -1.86825e-14, -1, 7.42814e-09, -1.04916e-14, 1.08737e-08, -1, 0.168551, 1.2559, -0.192235)
bind/47/name = &"hair_twintails_bangs_02_l"
bind/47/bone = -1
bind/47/pose = Transform3D(-0.318031, -0.9453, -0.072561, -0.921616, 0.326204, -0.210273, 0.222441, -5.85265e-08, -0.974946, 1.55597, -0.44475, 0.0500746)
bind/48/name = &"hair_twintails_bangs_03_l"
bind/48/bone = -1
bind/48/pose = Transform3D(1, 8.39709e-16, 1.49012e-08, -4.0113e-08, 1, 7.62732e-08, 8.78474e-10, -3.72528e-08, 1, -0.0521644, -1.55157, -0.063263)
bind/49/name = &"hair_twintails_bangs_02_r"
bind/49/bone = -1
bind/49/pose = Transform3D(-0.318031, 0.945299, 0.072561, -0.921616, -0.326204, 0.210273, 0.222441, -9.72163e-09, 0.974946, -1.55597, 0.444751, -0.0500746)
bind/50/name = &"hair_twintails_bangs_03_r"
bind/50/bone = -1
bind/50/pose = Transform3D(1, -2.31731e-08, 1.49011e-08, 3.83663e-08, -1, 2.41651e-08, -1.74467e-08, 7.45047e-09, -1, 0.0521642, 1.55157, 0.0632631)
bind/51/name = &"RightShoulder"
bind/51/bone = -1
bind/51/pose = Transform3D(0.168728, 0.0914375, -0.981412, -0.984383, -0.0350863, -0.172507, -0.0502076, 0.995192, 0.0840896, -0.15531, 0.00965773, -1.46455)
bind/52/name = &"RightUpperArm"
bind/52/bone = -1
bind/52/pose = Transform3D(-0.146921, -0.0581803, 0.987436, -0.545207, -0.828172, -0.129918, 0.825326, -0.557445, 0.0899557, 0.109814, 1.13355, 0.938616)
bind/53/name = &"RightLowerArm"
bind/53/bone = -1
bind/53/pose = Transform3D(-0.749079, 0.650625, -0.124775, -0.656589, -0.704063, 0.270527, 0.0881619, 0.284572, 0.954592, -1.03835, 0.732079, -0.262094)
bind/54/name = &"RightHand"
bind/54/bone = -1
bind/54/pose = Transform3D(0.0151254, 0.205092, 0.978625, -0.605293, -0.777147, 0.172224, 0.795859, -0.594961, 0.112387, -0.20461, 0.607038, 0.996312)
bind/55/name = &"RightIndexProximal"
bind/55/bone = -1
bind/55/pose = Transform3D(-0.0284915, 0.0586822, 0.99787, -0.281913, -0.958222, 0.048302, 0.959017, -0.279937, 0.0438446, -0.0961582, 0.860307, 0.743349)
bind/56/name = &"RightIndexIntermediate"
bind/56/bone = -1
bind/56/pose = Transform3D(-0.0306995, 0.0265184, 0.999177, -0.0679418, -0.997391, 0.024384, 0.997217, -0.067138, 0.0324209, -0.0649484, 0.968441, 0.548322)
bind/57/name = &"RightIndexDistal"
bind/57/bone = -1
bind/57/pose = Transform3D(-0.0306995, 0.0265184, 0.999177, -0.0679418, -0.997391, 0.024384, 0.997217, -0.067138, 0.0324209, -0.0649484, 0.941049, 0.548322)
bind/58/name = &"RightMiddleProximal"
bind/58/bone = -1
bind/58/pose = Transform3D(-0.0356699, 0.0111429, 0.999301, -0.249695, -0.968322, 0.00188519, 0.967668, -0.249454, 0.0373224, -0.0274279, 0.886355, 0.71932)
bind/59/name = &"RightMiddleIntermediate"
bind/59/bone = -1
bind/59/pose = Transform3D(-0.0418663, 0.0328896, 0.998582, 0.273434, -0.960924, 0.0431137, 0.960979, 0.27485, 0.031237, -0.0522273, 1.09565, 0.190632)
bind/60/name = &"RightMiddleDistal"
bind/60/bone = -1
bind/60/pose = Transform3D(-0.0418663, 0.0328896, 0.998582, 0.273434, -0.960924, 0.0431137, 0.960979, 0.27485, 0.031237, -0.0522273, 1.06716, 0.190633)
bind/61/name = &"RightLittleProximal"
bind/61/bone = -1
bind/61/pose = Transform3D(-0.0493092, -0.0739141, 0.996045, -0.219805, -0.972005, -0.0830112, 0.974297, -0.22303, 0.0316822, 0.0967074, 0.901794, 0.683062)
bind/62/name = &"RightLittleIntermediate"
bind/62/bone = -1
bind/62/pose = Transform3D(-0.0807625, -0.0190148, 0.996552, 0.494796, -0.868691, 0.0235244, 0.865248, 0.494989, 0.0795658, 0.0263981, 1.11259, -0.093249)
bind/63/name = &"RightLittleDistal"
bind/63/bone = -1
bind/63/pose = Transform3D(-0.0807625, -0.0190149, 0.996552, 0.494796, -0.868691, 0.0235244, 0.865248, 0.494989, 0.0795659, 0.0263981, 1.09491, -0.0932492)
bind/64/name = &"RightRingProximal"
bind/64/bone = -1
bind/64/pose = Transform3D(-0.0212826, -0.0575656, 0.998115, -0.135303, -0.98899, -0.0599238, 0.990576, -0.136324, 0.0132594, 0.0720719, 0.960604, 0.608133)
bind/65/name = &"RightRingIntermediate"
bind/65/bone = -1
bind/65/pose = Transform3D(-0.059415, 0.032661, 0.997699, 0.386841, -0.920612, 0.0531749, 0.920231, 0.389109, 0.0420632, -0.03685, 1.11149, 0.046668)
bind/66/name = &"RightRingDistal"
bind/66/bone = -1
bind/66/pose = Transform3D(-0.0594149, 0.032661, 0.997699, 0.386841, -0.920612, 0.053175, 0.920231, 0.389109, 0.0420632, -0.03685, 1.08635, 0.046668)
bind/67/name = &"RightThumbMetacarpal"
bind/67/bone = -1
bind/67/pose = Transform3D(0.914379, -0.319596, -0.248537, -0.039215, -0.681286, 0.731798, -0.403204, -0.659393, -0.635486, 0.728456, 0.708357, 0.552968)
bind/68/name = &"RightThumbProximal"
bind/68/bone = -1
bind/68/pose = Transform3D(0.933875, -0.187864, -0.30428, -0.067857, -0.929053, 0.365339, -0.351326, -0.320532, -0.880367, 0.599716, 0.938079, 0.226521)
bind/69/name = &"RightThumbDistal"
bind/69/bone = -1
bind/69/pose = Transform3D(0.933875, -0.187864, -0.30428, -0.067857, -0.929053, 0.365339, -0.351326, -0.320532, -0.880367, 0.599716, 0.909779, 0.226521)
bind/70/name = &"lowerarm_twist_01_r"
bind/70/bone = -1
bind/70/pose = Transform3D(0.634113, 0.643243, -0.429115, 0.16761, 0.427419, 0.888381, 0.754856, -0.635257, 0.163218, -0.543075, -0.406507, 1.02708)
bind/71/name = &"upperarm_twist_01_r"
bind/71/bone = -1
bind/71/pose = Transform3D(0.64484, 0.760872, 0.0724998, -0.068049, -0.0373261, 0.996984, 0.761283, -0.647828, 0.0277071, -1.01835, 0.0907105, 1.0595)
bind/72/name = &"breast_l"
bind/72/bone = -1
bind/72/pose = Transform3D(1, -8.20647e-10, -1.42423e-08, 8.20655e-10, 1, 7.45057e-09, 1.42423e-08, -7.45057e-09, 1, -0.0845849, -1.33439, -0.112836)
bind/73/name = &"breast_r"
bind/73/bone = -1
bind/73/pose = Transform3D(1, 8.49465e-10, -1.44385e-08, 8.49456e-10, -1, -7.45057e-09, -1.44385e-08, 7.45058e-09, -1, 0.0845848, 1.33439, 0.112836)
bind/74/name = &"LeftUpperLeg"
bind/74/bone = -1
bind/74/pose = Transform3D(-0.99915, -0.0411982, -0.00118698, 0.0412152, -0.998736, -0.0287664, -3.27826e-07, -0.0287909, 0.999585, 0.132008, 1.01511, 0.0346724)
bind/75/name = &"LeftLowerLeg"
bind/75/bone = -1
bind/75/pose = Transform3D(0.99915, 0.0411982, 0.00118697, 0.0412152, -0.998736, -0.0287664, 3.27826e-07, 0.0287909, -0.999585, -0.132008, 0.573011, -0.0346724)
bind/76/name = &"calf_twist_01_l"
bind/76/bone = -1
bind/76/pose = Transform3D(-0.0739403, 0.982451, 0.171238, -0.0702265, 0.166152, -0.983596, -0.994787, -0.0847528, 0.0567088, -0.357913, -0.078514, 0.14525)
bind/77/name = &"LeftFoot"
bind/77/bone = -1
bind/77/pose = Transform3D(-0.99915, -0.0411982, -0.00118698, -3.35276e-07, -0.0287909, 0.999585, -0.0412152, 0.998736, 0.0287664, 0.12219, 0.0333679, -0.0791252)
bind/78/name = &"LeftToes"
bind/78/bone = -1
bind/78/pose = Transform3D(0.99915, 0.0411982, 0.00118698, -3.27826e-07, -0.0287908, 0.999586, 0.0412152, -0.998736, -0.0287663, -0.128533, -0.0433115, 0.0309187)
bind/79/name = &"thigh_twist_01_l"
bind/79/bone = -1
bind/79/pose = Transform3D(-0.122287, 0.992015, 0.0308459, -0.0542205, 0.0243554, -0.998232, -0.991013, -0.123743, 0.0508093, -0.781992, -0.0259249, 0.199623)
bind/80/name = &"RightUpperLeg"
bind/80/bone = -1
bind/80/pose = Transform3D(-0.99915, 0.0411977, 0.00118664, -0.0412149, -0.998737, -0.0287667, 0, -0.0287911, 0.999586, -0.132008, 1.01511, 0.0346725)
bind/81/name = &"RightLowerLeg"
bind/81/bone = -1
bind/81/pose = Transform3D(0.99915, -0.0411978, -0.00118664, -0.0412148, -0.998737, -0.0287667, -1.86265e-08, 0.0287911, -0.999586, 0.132008, 0.573011, -0.0346726)
bind/82/name = &"calf_twist_01_r"
bind/82/bone = -1
bind/82/pose = Transform3D(-0.0739403, -0.982451, -0.171238, -0.0702265, -0.166152, 0.983596, -0.994787, 0.0847528, -0.0567088, 0.357913, 0.0785139, -0.145249)
bind/83/name = &"RightFoot"
bind/83/bone = -1
bind/83/pose = Transform3D(-0.99915, 0.0411978, 0.00118664, 2.23517e-08, -0.0287911, 0.999586, 0.0412148, 0.998737, 0.0287667, -0.12219, 0.0333679, -0.0791253)
bind/84/name = &"RightToes"
bind/84/bone = -1
bind/84/pose = Transform3D(0.99915, -0.0411978, -0.00118663, 1.49012e-08, -0.0287911, 0.999586, -0.0412148, -0.998737, -0.0287666, 0.128534, -0.0433115, 0.0309188)
bind/85/name = &"thigh_twist_01_r"
bind/85/bone = -1
bind/85/pose = Transform3D(-0.122287, -0.992015, -0.0308459, -0.0542205, -0.0243554, 0.998232, -0.991013, 0.123743, -0.0508093, 0.781993, 0.0259249, -0.199623)
bind/86/name = &"ik_foot_root"
bind/86/bone = -1
bind/86/pose = Transform3D(1, 0, 0, 0, 2.83277e-16, -1, 0, 1, 2.83277e-16, 0, 0, 0)
bind/87/name = &"ik_foot_l"
bind/87/bone = -1
bind/87/pose = Transform3D(-0.0148276, 0.999808, 0.0127956, -0.0456939, 0.0121061, -0.998882, -0.998845, -0.0153957, 0.0455056, -0.0836446, -0.025308, 0.12136)
bind/88/name = &"ik_foot_r"
bind/88/bone = -1
bind/88/pose = Transform3D(-0.0148276, -0.999808, -0.0127956, -0.0456959, -0.0121061, 0.998882, -0.998845, 0.0153958, -0.0455077, 0.0836012, 0.0252884, -0.121778)
bind/89/name = &"ik_hand_root"
bind/89/bone = -1
bind/89/pose = Transform3D(1, 0, 0, 0, 2.83277e-16, -1, 0, 1, 2.83277e-16, 0, 0, 0)
bind/90/name = &"ik_hand_gun"
bind/90/bone = -1
bind/90/pose = Transform3D(0.687474, 0.576042, -0.442216, -0.614358, 0.786022, 0.0688033, 0.387225, 0.224379, 0.894266, -0.354509, -1.12737, -0.0708093)
bind/91/name = &"ik_hand_l"
bind/91/bone = -1
bind/91/pose = Transform3D(0.687474, -0.576042, 0.442216, -0.614358, -0.786022, -0.068804, 0.387226, -0.224378, -0.894266, 0.354567, 1.12731, 0.0708405)
bind/92/name = &"ik_hand_r"
bind/92/bone = -1
bind/92/pose = Transform3D(0.687474, 0.576042, -0.442216, -0.614358, 0.786022, 0.0688033, 0.387225, 0.224379, 0.894266, -0.354509, -1.12737, -0.0708093)
metadata/humanoid_rotation_delta = {
"Chest": Transform3D(-8.12291e-08, -7.46658e-08, -1, 0.997807, 0.0661911, -8.60388e-08, 0.0661911, -0.997807, 6.93691e-08, 0, 0, 0),
"Head": Transform3D(-1.11383e-08, -9.83386e-09, -1, 0.92805, -0.372457, -6.58761e-09, -0.372457, -0.92805, 1.35071e-08, 0, 0, 0),
"Hips": Transform3D(-5.05746e-08, -2.06783e-08, -1, 0.996912, -0.0785268, -4.87747e-08, -0.0785268, -0.996912, 2.4833e-08, 0, 0, 0),
"LeftFoot": Transform3D(-0.026392, 0.0463408, 0.998577, -0.0159774, -0.998817, 0.0459296, 0.999524, -0.0147426, 0.0271012, -1.49012e-08, 0, -2.98023e-08),
"LeftHand": Transform3D(-0.0164631, -0.000943705, 0.999863, 0.989258, 0.145254, 0.0164248, -0.14525, 0.989396, -0.00145779, 1.49012e-08, 1.19209e-07, 5.96046e-08),
"LeftIndexDistal": Transform3D(-0.135761, 0.290013, 0.947344, 0.963336, 0.261991, 0.0578476, -0.231417, 0.920466, -0.314948, 0, 1.19209e-07, 1.19209e-07),
"LeftIndexIntermediate": Transform3D(-0.0727863, 0.287095, 0.955133, 0.994099, 0.0981245, 0.0462605, -0.0804391, 0.952865, -0.292543, -7.45058e-09, 1.19209e-07, 5.96046e-08),
"LeftIndexProximal": Transform3D(-0.103194, 0.251767, 0.96227, 0.992626, 0.0879287, 0.0834433, -0.0636016, 0.963787, -0.258985, 0, 1.19209e-07, 1.19209e-07),
"LeftLittleDistal": Transform3D(-0.0428104, -0.307723, 0.950512, 0.719371, 0.650714, 0.243064, -0.693305, 0.694176, 0.193511, -1.49012e-08, 1.19209e-07, 7.45058e-09),
"LeftLittleIntermediate": Transform3D(0.0269811, -0.31467, 0.948817, 0.72259, 0.662015, 0.199005, -0.69075, 0.680237, 0.24524, -1.49012e-08, 2.38419e-07, 0),
"LeftLittleProximal": Transform3D(0.0332371, -0.373865, 0.926887, 0.977948, 0.203488, 0.0470089, -0.206184, 0.904887, 0.372384, -1.49012e-08, 5.96046e-08, 1.19209e-07),
"LeftLowerArm": Transform3D(-0.00293348, 0.04169, -0.999127, 0.985324, 0.170645, 0.00422757, 0.170672, -0.98445, -0.0415787, 1.19209e-07, -5.96046e-08, 0),
"LeftLowerLeg": Transform3D(-0.030277, -0.058401, -0.997833, -0.991363, -0.125688, 0.0374369, -0.127602, 0.990349, -0.0540912, 1.49012e-08, 0, 3.72529e-09),
"LeftMiddleDistal": Transform3D(-0.00915305, -0.00537427, 0.999944, 0.748071, 0.663539, 0.010413, -0.663555, 0.748125, -0.00205254, -7.45058e-09, 0, 2.98023e-08),
"LeftMiddleIntermediate": Transform3D(-0.0876268, 0.00441673, 0.996143, 0.893811, 0.441845, 0.0766652, -0.439801, 0.897082, -0.0426645, -3.72529e-09, 1.19209e-07, 2.98023e-08),
"LeftMiddleProximal": Transform3D(-0.0923542, 0.0101417, 0.995674, 0.985499, 0.143883, 0.0899439, -0.142347, 0.989544, -0.0232827, -7.45058e-09, 5.96046e-08, 1.19209e-07),
"LeftRingDistal": Transform3D(-0.038788, -0.219831, 0.974767, 0.70841, 0.68194, 0.18198, -0.704735, 0.697593, 0.12928, -3.72529e-09, 1.19209e-07, 0),
"LeftRingIntermediate": Transform3D(-0.0358694, -0.211006, 0.976826, 0.851113, 0.505832, 0.140518, -0.523758, 0.836429, 0.161447, -7.45058e-09, 1.19209e-07, 0),
"LeftRingProximal": Transform3D(-0.0819352, -0.291221, 0.953141, 0.965474, 0.214092, 0.148408, -0.247278, 0.932394, 0.263625, -2.23517e-08, 1.19209e-07, 5.96046e-08),
"LeftShoulder": Transform3D(-0.267902, -0.953402, -0.138754, 0.949872, -0.285465, 0.127489, -0.161157, -0.0976442, 0.982086, 0, 0, 0),
"LeftThumbDistal": Transform3D(0.160411, -0.0376073, 0.986342, 0.913255, 0.38641, -0.133617, -0.37611, 0.922215, 0.09633, -5.96046e-08, 1.19209e-07, -1.49012e-08),
"LeftThumbMetacarpal": Transform3D(0.211706, -0.1157, 0.970463, 0.977799, 0.00890571, -0.212246, 0.0159145, 0.993846, 0.115017, -1.19209e-07, 5.96046e-08, 5.96046e-08),
"LeftThumbProximal": Transform3D(0.147736, -0.113461, 0.98251, 0.975025, 0.186912, -0.124852, -0.169479, 0.976412, 0.138241, -1.19209e-07, 5.96046e-08, 0),
"LeftToes": Transform3D(0.0456043, 0.0278322, -0.998571, 0.998795, 0.0168643, 0.0460845, 0.0181228, -0.99947, -0.0270295, 1.49012e-08, 0, 2.6077e-08),
"LeftUpperArm": Transform3D(-0.0674185, 0.996627, -0.0467982, 0.991123, 0.0615118, -0.11786, -0.114584, -0.0543286, -0.991927, 0, 0, 0),
"LeftUpperLeg": Transform3D(0.0814195, 0.148357, 0.985576, -0.996679, 0.0108303, 0.0807064, 0.00129933, -0.988875, 0.148746, 0, 0, 0),
"Neck": Transform3D(1.4705e-08, -7.5034e-08, -1, 0.993535, -0.113525, 2.32147e-08, -0.113525, -0.993535, 7.31118e-08, 0, 0, 0),
"RightFoot": Transform3D(-0.026392, 0.046341, 0.998577, 0.0159777, 0.998817, -0.0459298, -0.999525, 0.0147428, -0.0271012, 0, 7.45058e-09, 0),
"RightHand": Transform3D(-0.0164514, -0.00094521, 0.999864, -0.989263, -0.145217, -0.0164133, 0.145213, -0.989401, 0.00145435, 0, 0, 0),
"RightIndexDistal": Transform3D(-0.135759, 0.29001, 0.947345, -0.963332, -0.262, -0.0578437, 0.231428, -0.920463, 0.314945, 0, 0, 0),
"RightIndexIntermediate": Transform3D(-0.0727856, 0.287089, 0.955134, -0.994097, -0.0981344, -0.046257, 0.0804499, -0.952865, 0.292538, -7.45058e-09, 0, 0),
"RightIndexProximal": Transform3D(-0.103195, 0.251761, 0.962271, -0.992625, -0.0879256, -0.0834449, 0.0635992, -0.963788, 0.258979, 0, 0, 0),
"RightLittleDistal": Transform3D(-0.0428164, -0.307718, 0.950513, -0.719361, -0.650722, -0.243067, 0.693314, -0.69417, -0.193499, -7.45058e-09, 0, 2.23517e-08),
"RightLittleIntermediate": Transform3D(0.0269754, -0.314666, 0.948818, -0.722581, -0.662023, -0.199009, 0.690758, -0.68023, -0.245231, -3.72529e-09, 0, 0),
"RightLittleProximal": Transform3D(0.0332335, -0.373861, 0.926889, -0.977956, -0.20345, -0.0469962, 0.206144, -0.904897, -0.372382, 0, 0, 0),
"RightLowerArm": Transform3D(-0.00294731, 0.0416884, -0.999127, -0.985322, -0.17065, -0.00421442, -0.170678, 0.984449, 0.0415799, 0, 0, 0),
"RightLowerLeg": Transform3D(-0.0302773, -0.058401, -0.997834, 0.991364, 0.125687, -0.0374372, 0.127602, -0.99035, 0.0540912, 0, 0, 0),
"RightMiddleDistal": Transform3D(-0.00914918, -0.00537597, 0.999943, -0.74806, -0.66355, -0.010411, 0.663566, -0.748115, 0.00204905, 0, 0, 0),
"RightMiddleIntermediate": Transform3D(-0.0876236, 0.00441251, 0.996144, -0.893803, -0.441859, -0.0766633, 0.439814, -0.897075, 0.0426607, 0, 0, 0),
"RightMiddleProximal": Transform3D(-0.092353, 0.0101346, 0.995674, -0.985497, -0.143884, -0.0899436, 0.142349, -0.989544, 0.0232759, -1.86265e-09, 0, 0),
"RightRingDistal": Transform3D(-0.0387784, -0.219839, 0.974765, -0.708383, -0.681966, -0.181984, 0.704761, -0.697565, -0.129286, -3.72529e-09, 0, 0),
"RightRingIntermediate": Transform3D(-0.0358623, -0.211018, 0.976824, -0.851092, -0.505863, -0.140524, 0.52379, -0.836407, -0.161455, -7.45058e-09, 0, 0),
"RightRingProximal": Transform3D(-0.0819217, -0.291232, 0.953138, -0.965468, -0.214118, -0.148404, 0.247303, -0.932384, -0.263635, -7.45058e-09, 0, 0),
"RightShoulder": Transform3D(-0.267902, -0.953402, -0.138754, -0.949873, 0.285464, -0.127486, 0.161155, 0.0976453, -0.982086, -1.49012e-08, -9.31323e-10, 0),
"RightThumbDistal": Transform3D(0.160424, -0.0376431, 0.986339, -0.91326, -0.386397, 0.133617, 0.376091, -0.922219, -0.0963664, 0, 0, 1.49012e-08),
"RightThumbMetacarpal": Transform3D(0.211715, -0.115737, 0.970456, -0.977796, -0.00889009, 0.212257, -0.015938, -0.993842, -0.11505, 0, 0, 0),
"RightThumbProximal": Transform3D(0.147742, -0.1135, 0.982504, -0.975027, -0.186899, 0.124852, 0.16946, -0.97641, -0.138278, 0, 0, 0),
"RightToes": Transform3D(0.0456045, 0.0278321, -0.998572, -0.998796, -0.016864, -0.0460847, -0.0181226, 0.999471, 0.0270295, 0, 1.49012e-08, 0),
"RightUpperArm": Transform3D(-0.0674198, 0.996627, -0.0467986, -0.991122, -0.0615132, 0.117857, 0.114581, 0.0543291, 0.991927, 1.49012e-08, 0, 0),
"RightUpperLeg": Transform3D(0.0814198, 0.148357, 0.985577, 0.99668, -0.0108305, -0.0807068, -0.00129911, 0.988875, -0.148746, 0, 0, 0),
"Root": Transform3D(1, 0, 0, 0, 0, 1, 0, -1, 0, 0, 0, 0),
"Spine": Transform3D(-4.76057e-08, -2.68156e-08, -1, 0.975558, 0.219742, -5.23582e-08, 0.219742, -0.975558, 1.5946e-08, -7.10543e-15, 0, 0),
"UpperChest": Transform3D(2.03961e-07, -1.65582e-07, -1, 0.966812, -0.255489, 2.39519e-07, -0.255489, -0.966812, 1.08224e-07, 0, 0, 0)
}
