[gd_resource type="Skin" format=3 uid="uid://cy4oi7jlqos65"]

[resource]
resource_name = "Skin9"
bind_count = 93
bind/0/name = &"Root"
bind/0/bone = -1
bind/0/pose = Transform3D(1, 0, 0, 0, 1, 6.12323e-17, 0, -6.12323e-17, 1, 0, 0, 0)
bind/1/name = &"Hips"
bind/1/bone = -1
bind/1/pose = Transform3D(1, -1.1978e-07, -5.11565e-09, 1.19776e-07, 0.996618, 0.0821691, -4.99095e-09, -0.0821691, 0.996618, 1.23892e-07, -1.0304, 0.0955519)
bind/2/name = &"Spine"
bind/2/bone = -1
bind/2/pose = Transform3D(1, -1.55473e-07, -1.78536e-09, 1.54659e-07, 0.995676, -0.0929, 1.59744e-08, 0.0929, 0.995676, 1.64688e-07, -1.13804, -0.104523)
bind/3/name = &"Chest"
bind/3/bone = -1
bind/3/pose = Transform3D(1, -1.49539e-07, -2.88472e-09, 1.46557e-07, 0.983268, -0.182166, 2.98337e-08, 0.182166, 0.983268, 1.57029e-07, -1.26882, -0.21965)
bind/4/name = &"UpperChest"
bind/4/bone = -1
bind/4/pose = Transform3D(1, -5.49025e-08, 5.93258e-09, 5.40928e-08, 0.995688, 0.0927701, -1.12471e-08, -0.0927701, 0.995688, 2.53601e-08, -1.38532, 0.164203)
bind/5/name = &"LeftShoulder"
bind/5/bone = -1
bind/5/pose = Transform3D(0.168729, -0.0914398, 0.981412, 0.984383, -0.0350815, -0.172508, 0.0502035, 0.995193, 0.0840926, 0.155314, 0.00965015, -1.46455)
bind/6/name = &"LeftUpperArm"
bind/6/bone = -1
bind/6/pose = Transform3D(-0.146921, 0.0581806, -0.987435, 0.545204, -0.828176, -0.129918, -0.825329, -0.557442, 0.0899559, -0.109815, 1.13355, 0.938613)
bind/7/name = &"LeftLowerArm"
bind/7/bone = -1
bind/7/pose = Transform3D(-0.749069, -0.650634, 0.124781, 0.656599, -0.704054, 0.27053, -0.0881635, 0.284577, 0.954591, 1.03836, 0.732065, -0.262101)
bind/8/name = &"LeftHand"
bind/8/bone = -1
bind/8/pose = Transform3D(0.0151114, -0.205083, -0.978628, 0.605256, -0.77718, 0.172213, -0.795888, -0.594922, 0.112383, 0.204606, 0.607094, 0.996285)
bind/9/name = &"LeftIndexProximal"
bind/9/bone = -1
bind/9/pose = Transform3D(-0.0285035, -0.0586855, -0.99787, 0.281923, -0.958221, 0.0483006, -0.959014, -0.279945, 0.0438573, 0.0961671, 0.860297, 0.743354)
bind/10/name = &"LeftIndexIntermediate"
bind/10/bone = -1
bind/10/pose = Transform3D(-0.0307114, -0.0265242, -0.999176, 0.0679488, -0.997391, 0.024388, -0.997216, -0.0671431, 0.0324334, 0.0649599, 0.968435, 0.548326)
bind/11/name = &"LeftIndexDistal"
bind/11/bone = -1
bind/11/pose = Transform3D(-0.0307115, -0.0265241, -0.999176, 0.0679489, -0.997391, 0.0243881, -0.997216, -0.0671431, 0.0324334, 0.0649599, 0.941045, 0.548326)
bind/12/name = &"LeftMiddleProximal"
bind/12/bone = -1
bind/12/pose = Transform3D(-0.0356891, -0.0111428, -0.999301, 0.249729, -0.968314, 0.00187817, -0.967658, -0.249487, 0.0373409, 0.0274369, 0.886329, 0.719348)
bind/13/name = &"LeftMiddleIntermediate"
bind/13/bone = -1
bind/13/pose = Transform3D(-0.0418861, -0.0328926, -0.998581, -0.273422, -0.960927, 0.0431209, -0.960982, 0.274841, 0.0312561, 0.0522397, 1.09565, 0.190644)
bind/14/name = &"LeftMiddleDistal"
bind/14/bone = -1
bind/14/pose = Transform3D(-0.0418861, -0.0328926, -0.998581, -0.273422, -0.960927, 0.0431208, -0.960982, 0.27484, 0.0312561, 0.0522398, 1.06716, 0.190644)
bind/15/name = &"LeftLittleProximal"
bind/15/bone = -1
bind/15/pose = Transform3D(-0.0492919, 0.0738994, -0.996047, 0.219722, -0.972027, -0.082991, -0.974317, -0.222944, 0.0316757, -0.0967007, 0.901857, 0.682983)
bind/16/name = &"LeftLittleIntermediate"
bind/16/bone = -1
bind/16/pose = Transform3D(-0.0807416, 0.0189977, -0.996554, -0.494736, -0.868725, 0.023523, -0.865284, 0.494931, 0.0795411, -0.0263905, 1.1126, -0.0931752)
bind/17/name = &"LeftLittleDistal"
bind/17/bone = -1
bind/17/pose = Transform3D(-0.0807416, 0.0189977, -0.996554, -0.494736, -0.868725, 0.023523, -0.865284, 0.494931, 0.0795411, -0.0263905, 1.09492, -0.0931752)
bind/18/name = &"LeftRingProximal"
bind/18/bone = -1
bind/18/pose = Transform3D(-0.0213067, 0.0575724, -0.998114, 0.135339, -0.988985, -0.0599351, -0.99057, -0.13636, 0.0132803, -0.0720677, 0.960578, 0.608167)
bind/19/name = &"LeftRingIntermediate"
bind/19/bone = -1
bind/19/pose = Transform3D(-0.0594426, -0.0326729, -0.997697, -0.386801, -0.920628, 0.0531944, -0.920246, 0.389072, 0.0420867, 0.036875, 1.11149, 0.046712)
bind/20/name = &"LeftRingDistal"
bind/20/bone = -1
bind/20/pose = Transform3D(-0.0594426, -0.0326729, -0.997697, -0.386801, -0.920628, 0.0531944, -0.920246, 0.389072, 0.0420867, 0.036875, 1.08634, 0.0467118)
bind/21/name = &"LeftThumbMetacarpal"
bind/21/bone = -1
bind/21/pose = Transform3D(0.914398, 0.319558, 0.248514, 0.0392123, -0.681298, 0.731786, 0.403161, -0.659399, -0.635508, -0.728424, 0.708375, 0.552996)
bind/22/name = &"LeftThumbProximal"
bind/22/bone = -1
bind/22/pose = Transform3D(0.933888, 0.187862, 0.30424, 0.0678716, -0.929053, 0.365337, 0.351288, -0.320536, -0.880381, -0.599719, 0.938077, 0.226542)
bind/23/name = &"LeftThumbDistal"
bind/23/bone = -1
bind/23/pose = Transform3D(0.933888, 0.187863, 0.30424, 0.0678716, -0.929053, 0.365337, 0.351288, -0.320535, -0.880381, -0.599719, 0.909775, 0.226542)
bind/24/name = &"lowerarm_twist_01_l"
bind/24/bone = -1
bind/24/pose = Transform3D(0.634113, -0.643243, 0.429115, 0.167609, -0.427419, -0.888381, 0.754856, 0.635257, -0.163218, 0.543073, 0.406506, -1.02708)
bind/25/name = &"upperarm_twist_01_l"
bind/25/bone = -1
bind/25/pose = Transform3D(0.64484, -0.760872, -0.0724998, -0.0680491, 0.037326, -0.996983, 0.761283, 0.647828, -0.0277074, 1.01834, -0.0907101, -1.0595)
bind/26/name = &"Neck"
bind/26/bone = -1
bind/26/pose = Transform3D(1, -1.14132e-07, -1.62679e-08, 1.12495e-07, 0.936385, 0.350974, -2.50567e-08, -0.350974, 0.936385, 1.00561e-07, -1.40805, 0.553689)
bind/27/name = &"Head"
bind/27/bone = -1
bind/27/pose = Transform3D(1, -1.14132e-07, -1.62678e-08, 1.12495e-07, 0.936385, 0.350974, -2.50567e-08, -0.350974, 0.936385, 1.00562e-07, -1.50518, 0.553689)
bind/28/name = &"hair_back_01_l"
bind/28/bone = -1
bind/28/pose = Transform3D(0.197834, -0.926864, -0.319035, 0.488459, 0.375396, -0.787709, 0.849864, 1.71133e-07, 0.527002, 1.39327, -0.706914, -0.0280033)
bind/29/name = &"hair_back_02_l"
bind/29/bone = -1
bind/29/pose = Transform3D(0.145423, -0.984628, -0.0967496, 0.819777, 0.174666, -0.545397, 0.553912, 4.04833e-08, 0.832575, 1.39732, -0.421908, 0.0475244)
bind/30/name = &"hair_back_03_l"
bind/30/bone = -1
bind/30/pose = Transform3D(1, 2.98023e-08, -8.94069e-08, -1.04599e-08, 1, -2.0321e-09, 2.79065e-08, 2.73414e-08, 1, -0.136969, -1.33184, 0.148207)
bind/31/name = &"hair_back_01_r"
bind/31/bone = -1
bind/31/pose = Transform3D(0.197834, 0.926864, 0.319035, 0.488459, -0.375396, 0.787709, 0.849864, -1.71133e-07, -0.527002, -1.39328, 0.706915, 0.0280031)
bind/32/name = &"hair_back_02_r"
bind/32/bone = -1
bind/32/pose = Transform3D(0.145423, 0.984628, 0.0967496, 0.819777, -0.174666, 0.545397, 0.553912, 3.50078e-08, -0.832575, -1.39733, 0.421909, -0.0475246)
bind/33/name = &"hair_back_03_r"
bind/33/bone = -1
bind/33/pose = Transform3D(1, 1.49012e-08, 5.96047e-08, -1.04598e-08, -1, -1.86879e-09, 2.79065e-08, 4.71644e-08, -1, 0.136969, 1.33184, -0.148207)
bind/34/name = &"hair_front_01_l"
bind/34/bone = -1
bind/34/pose = Transform3D(0.0918989, -0.995578, -0.0194658, 0.973968, 0.0939378, -0.206304, 0.20722, 1.2928e-08, 0.978294, 1.5791, -0.221386, -0.0461896)
bind/35/name = &"hair_front_02_l"
bind/35/bone = -1
bind/35/pose = Transform3D(0.422719, -0.870085, 0.253497, 0.746197, 0.492902, 0.44748, -0.514295, 6.68995e-08, 0.857613, 1.27113, -0.823345, 0.0204476)
bind/36/name = &"hair_front_03_l"
bind/36/bone = -1
bind/36/pose = Transform3D(1, -3.06544e-08, -7.10543e-15, -3.4934e-09, 1, 1.46654e-08, -3.31364e-08, 2.98024e-08, 1, -0.126267, -1.43215, -0.0518776)
bind/37/name = &"hair_back_01_mid"
bind/37/bone = -1
bind/37/pose = Transform3D(0.0981363, -0.962898, -0.25139, 0.350156, 0.269866, -0.896974, 0.931536, -1.06516e-08, 0.363648, 1.4671, -0.532166, 0.0416066)
bind/38/name = &"hair_back_02_mid"
bind/38/bone = -1
bind/38/pose = Transform3D(0.109408, -0.970191, -0.216237, 0.438009, 0.24234, -0.86569, 0.892288, 2.00989e-08, 0.451467, 1.34806, -0.489451, 0.0561023)
bind/39/name = &"hair_back_03_mid"
bind/39/bone = -1
bind/39/pose = Transform3D(1, -2.23517e-08, 7.06947e-16, -1.04598e-08, 1, -1.39882e-08, 2.79065e-08, -1.49012e-08, 1, -0.0275093, -1.33184, 0.178637)
bind/40/name = &"earring_r"
bind/40/bone = -1
bind/40/pose = Transform3D(1, 2.79752e-20, -2.98892e-09, 3.63595e-15, 1, -1.86265e-09, 2.98892e-09, 1.86264e-09, 1, 0.0676588, -1.61574, -0.00296337)
bind/41/name = &"hair_twintails_03_l"
bind/41/bone = -1
bind/41/pose = Transform3D(0.25081, -0.918727, -0.305015, 0.583516, 0.394892, -0.709626, 0.772401, 1.15759e-07, 0.635136, 1.33693, -0.777385, 0.0022806)
bind/42/name = &"hair_twintails_04_l"
bind/42/bone = -1
bind/42/pose = Transform3D(1, 4.72669e-09, -2.98023e-08, -1.74466e-08, 1, -9.48981e-08, -3.83663e-08, 7.85332e-08, 1, -0.142011, -1.40367, 0.169995)
bind/43/name = &"hair_twintails_05_l"
bind/43/bone = -1
bind/43/pose = Transform3D(1, 4.20084e-15, 1.42109e-14, -2.57572e-14, 1, -3.52935e-08, 1.24345e-14, -1.08738e-08, 1, -0.168551, -1.2559, 0.192235)
bind/44/name = &"hair_twintails_03_r"
bind/44/bone = -1
bind/44/pose = Transform3D(0.25081, 0.918727, 0.305015, 0.583516, -0.394892, 0.709626, 0.772401, -9.82258e-08, -0.635136, -1.33693, 0.777384, -0.00228116)
bind/45/name = &"hair_twintails_04_r"
bind/45/bone = -1
bind/45/pose = Transform3D(1, 1.49012e-08, -2.98023e-08, -2.09197e-08, -1, -3.4796e-08, 5.58129e-08, 4.06761e-08, -1, 0.142011, 1.40367, -0.169995)
bind/46/name = &"hair_twintails_05_r"
bind/46/bone = -1
bind/46/pose = Transform3D(1, -2.13163e-14, -4.23044e-15, -7.10543e-15, -1, -3.4796e-08, 1.77636e-15, 7.04784e-08, -1, 0.168551, 1.2559, -0.192235)
bind/47/name = &"hair_twintails_bangs_02_l"
bind/47/bone = -1
bind/47/pose = Transform3D(-0.318031, -0.945299, -0.0725611, -0.921616, 0.326204, -0.210273, 0.222441, 3.15003e-08, -0.974946, 1.55597, -0.44475, 0.0500746)
bind/48/name = &"hair_twintails_bangs_03_l"
bind/48/bone = -1
bind/48/pose = Transform3D(1, -1.9984e-15, 1.49012e-08, -2.09298e-08, 1, 7.15843e-08, -7.84487e-09, -3.72529e-08, 1, -0.0521644, -1.55157, -0.063263)
bind/49/name = &"hair_twintails_bangs_02_r"
bind/49/bone = -1
bind/49/pose = Transform3D(-0.318031, 0.945299, 0.0725611, -0.921616, -0.326204, 0.210273, 0.222441, -1.53183e-10, 0.974946, -1.55597, 0.444751, -0.0500748)
bind/50/name = &"hair_twintails_bangs_03_r"
bind/50/bone = -1
bind/50/pose = Transform3D(1, -6.62924e-09, -5.32907e-15, 5.22991e-09, -1, 2.8854e-08, -1.39532e-08, 6.70552e-08, -1, 0.0521642, 1.55157, 0.0632631)
bind/51/name = &"RightShoulder"
bind/51/bone = -1
bind/51/pose = Transform3D(0.168728, 0.0914397, -0.981412, -0.984383, -0.0350838, -0.172508, -0.0502058, 0.995192, 0.0840921, -0.155314, 0.00965361, -1.46455)
bind/52/name = &"RightUpperArm"
bind/52/bone = -1
bind/52/pose = Transform3D(-0.146921, -0.0581804, 0.987436, -0.545206, -0.828174, -0.129918, 0.825328, -0.557444, 0.0899558, 0.109815, 1.13355, 0.938615)
bind/53/name = &"RightLowerArm"
bind/53/bone = -1
bind/53/pose = Transform3D(-0.749078, 0.650625, -0.124776, -0.656589, -0.704064, 0.270527, 0.0881608, 0.284572, 0.954593, -1.03835, 0.732081, -0.262095)
bind/54/name = &"RightHand"
bind/54/bone = -1
bind/54/pose = Transform3D(0.0151244, 0.205092, 0.978627, -0.605285, -0.777155, 0.172224, 0.795866, -0.594952, 0.112385, -0.20461, 0.607051, 0.996306)
bind/55/name = &"RightIndexProximal"
bind/55/bone = -1
bind/55/pose = Transform3D(-0.0284945, 0.0586824, 0.997871, -0.281927, -0.958219, 0.0483, 0.959013, -0.27995, 0.0438485, -0.0961595, 0.860297, 0.74336)
bind/56/name = &"RightIndexIntermediate"
bind/56/bone = -1
bind/56/pose = Transform3D(-0.0307024, 0.0265206, 0.999177, -0.067947, -0.997391, 0.0243853, 0.997217, -0.0671422, 0.0324247, -0.0649518, 0.968438, 0.548325)
bind/57/name = &"RightIndexDistal"
bind/57/bone = -1
bind/57/pose = Transform3D(-0.0307024, 0.0265207, 0.999177, -0.0679471, -0.997391, 0.0243854, 0.997217, -0.0671422, 0.0324247, -0.0649518, 0.941047, 0.548325)
bind/58/name = &"RightMiddleProximal"
bind/58/bone = -1
bind/58/pose = Transform3D(-0.0356739, 0.0111405, 0.999302, -0.249706, -0.96832, 0.00188074, 0.967664, -0.249464, 0.0373256, -0.0274273, 0.886347, 0.719328)
bind/59/name = &"RightMiddleIntermediate"
bind/59/bone = -1
bind/59/pose = Transform3D(-0.0418717, 0.032893, 0.998582, 0.27342, -0.960928, 0.0431175, 0.960983, 0.274838, 0.0312421, -0.0522332, 1.09565, 0.190647)
bind/60/name = &"RightMiddleDistal"
bind/60/bone = -1
bind/60/pose = Transform3D(-0.0418717, 0.032893, 0.998583, 0.27342, -0.960928, 0.0431175, 0.960983, 0.274838, 0.0312421, -0.0522333, 1.06716, 0.190646)
bind/61/name = &"RightLittleProximal"
bind/61/bone = -1
bind/61/pose = Transform3D(-0.049316, -0.0739171, 0.996045, -0.219821, -0.972002, -0.0830165, 0.974293, -0.223046, 0.0316864, 0.0967074, 0.901783, 0.683077)
bind/62/name = &"RightLittleIntermediate"
bind/62/bone = -1
bind/62/pose = Transform3D(-0.0807708, -0.0190127, 0.996552, 0.494777, -0.868702, 0.0235281, 0.865259, 0.494971, 0.0795723, 0.0263922, 1.1126, -0.0932262)
bind/63/name = &"RightLittleDistal"
bind/63/bone = -1
bind/63/pose = Transform3D(-0.0807708, -0.0190126, 0.996552, 0.494777, -0.868702, 0.0235281, 0.865258, 0.494971, 0.0795724, 0.0263921, 1.09491, -0.0932261)
bind/64/name = &"RightRingProximal"
bind/64/bone = -1
bind/64/pose = Transform3D(-0.0212896, -0.0575764, 0.998115, -0.135318, -0.988988, -0.0599364, 0.990573, -0.136339, 0.0132636, 0.0720798, 0.960594, 0.608147)
bind/65/name = &"RightRingIntermediate"
bind/65/bone = -1
bind/65/pose = Transform3D(-0.0594288, 0.0326586, 0.997699, 0.386869, -0.9206, 0.0531789, 0.920218, 0.389139, 0.0420754, -0.0368538, 1.1115, 0.0466325)
bind/66/name = &"RightRingDistal"
bind/66/bone = -1
bind/66/pose = Transform3D(-0.0594288, 0.0326587, 0.997699, 0.386869, -0.9206, 0.0531788, 0.920218, 0.389139, 0.0420754, -0.0368539, 1.08635, 0.046632)
bind/67/name = &"RightThumbMetacarpal"
bind/67/bone = -1
bind/67/pose = Transform3D(0.914377, -0.319601, -0.248536, -0.0392088, -0.681268, 0.731815, -0.403208, -0.65941, -0.635467, 0.72846, 0.708341, 0.552984)
bind/68/name = &"RightThumbProximal"
bind/68/bone = -1
bind/68/pose = Transform3D(0.933875, -0.187858, -0.304282, -0.0678542, -0.929057, 0.36533, -0.351325, -0.320526, -0.88037, 0.59971, 0.938085, 0.226515)
bind/69/name = &"RightThumbDistal"
bind/69/bone = -1
bind/69/pose = Transform3D(0.933875, -0.187858, -0.304282, -0.0678544, -0.929057, 0.36533, -0.351325, -0.320526, -0.88037, 0.59971, 0.909785, 0.226515)
bind/70/name = &"lowerarm_twist_01_r"
bind/70/bone = -1
bind/70/pose = Transform3D(0.634113, 0.643243, -0.429115, 0.16761, 0.427419, 0.888381, 0.754856, -0.635257, 0.163218, -0.543075, -0.406507, 1.02708)
bind/71/name = &"upperarm_twist_01_r"
bind/71/bone = -1
bind/71/pose = Transform3D(0.64484, 0.760872, 0.0724999, -0.068049, -0.0373262, 0.996983, 0.761283, -0.647828, 0.0277072, -1.01835, 0.0907105, 1.0595)
bind/72/name = &"breast_l"
bind/72/bone = -1
bind/72/pose = Transform3D(1, -8.20675e-10, -1.42423e-08, 8.20667e-10, 1, -1.49012e-08, 1.42423e-08, -7.45057e-09, 1, -0.0845849, -1.33439, -0.112836)
bind/73/name = &"breast_r"
bind/73/bone = -1
bind/73/pose = Transform3D(1, 8.49457e-10, -1.44385e-08, 8.49439e-10, -1, 4.31843e-15, -1.44385e-08, -1.49012e-08, -1, 0.0845848, 1.33439, 0.112836)
bind/74/name = &"LeftUpperLeg"
bind/74/bone = -1
bind/74/pose = Transform3D(-0.999151, -0.0411986, -0.00118621, 0.0412157, -0.998736, -0.028766, 2.5332e-07, -0.0287904, 0.999585, 0.132009, 1.01511, 0.0346719)
bind/75/name = &"LeftLowerLeg"
bind/75/bone = -1
bind/75/pose = Transform3D(0.999151, 0.0411986, 0.00118629, 0.0412157, -0.998736, -0.0287661, -2.75671e-07, 0.0287904, -0.999585, -0.132009, 0.573011, -0.0346719)
bind/76/name = &"calf_twist_01_l"
bind/76/bone = -1
bind/76/pose = Transform3D(-0.0739402, 0.982451, 0.171238, -0.0702265, 0.166152, -0.983596, -0.994787, -0.0847528, 0.0567088, -0.357914, -0.078514, 0.14525)
bind/77/name = &"LeftFoot"
bind/77/bone = -1
bind/77/pose = Transform3D(-0.99915, -0.0411987, -0.00118622, 3.20375e-07, -0.0287901, 0.999585, -0.0412157, 0.998736, 0.0287659, 0.122191, 0.0333678, -0.0791252)
bind/78/name = &"LeftToes"
bind/78/bone = -1
bind/78/pose = Transform3D(0.99915, 0.0411989, 0.00118621, 3.20375e-07, -0.0287902, 0.999585, 0.0412159, -0.998736, -0.0287659, -0.128533, -0.0433115, 0.0309186)
bind/79/name = &"thigh_twist_01_l"
bind/79/bone = -1
bind/79/pose = Transform3D(-0.122287, 0.992015, 0.0308459, -0.0542205, 0.0243554, -0.998232, -0.991013, -0.123743, 0.0508092, -0.781992, -0.0259249, 0.199623)
bind/80/name = &"RightUpperLeg"
bind/80/bone = -1
bind/80/pose = Transform3D(-0.99915, 0.0411981, 0.00118619, -0.0412152, -0.998736, -0.0287662, -2.98023e-07, -0.0287907, 0.999585, -0.132008, 1.01511, 0.034672)
bind/81/name = &"RightLowerLeg"
bind/81/bone = -1
bind/81/pose = Transform3D(0.99915, -0.0411981, -0.00118628, -0.0412152, -0.998736, -0.0287663, 3.09199e-07, 0.0287907, -0.999585, 0.132008, 0.573011, -0.034672)
bind/82/name = &"calf_twist_01_r"
bind/82/bone = -1
bind/82/pose = Transform3D(-0.0739402, -0.982451, -0.171238, -0.0702265, -0.166152, 0.983596, -0.994787, 0.0847528, -0.0567088, 0.357913, 0.0785139, -0.145249)
bind/83/name = &"RightFoot"
bind/83/bone = -1
bind/83/pose = Transform3D(-0.99915, 0.0411982, 0.00118621, -3.46452e-07, -0.0287903, 0.999585, 0.0412153, 0.998737, 0.0287662, -0.12219, 0.0333678, -0.0791252)
bind/84/name = &"RightToes"
bind/84/bone = -1
bind/84/pose = Transform3D(0.99915, -0.0411984, -0.0011862, -3.57628e-07, -0.0287904, 0.999585, -0.0412155, -0.998736, -0.0287662, 0.128534, -0.0433115, 0.0309187)
bind/85/name = &"thigh_twist_01_r"
bind/85/bone = -1
bind/85/pose = Transform3D(-0.122287, -0.992015, -0.0308459, -0.0542205, -0.0243554, 0.998232, -0.991013, 0.123743, -0.0508092, 0.781993, 0.0259249, -0.199623)
bind/86/name = &"ik_foot_root"
bind/86/bone = -1
bind/86/pose = Transform3D(1, 0, 0, 0, 6.12323e-17, -1, 0, 1, 6.12323e-17, 0, 0, 0)
bind/87/name = &"ik_foot_l"
bind/87/bone = -1
bind/87/pose = Transform3D(-0.0148276, 0.999808, 0.0127956, -0.0456939, 0.0121061, -0.998882, -0.998845, -0.0153957, 0.0455056, -0.0836446, -0.025308, 0.12136)
bind/88/name = &"ik_foot_r"
bind/88/bone = -1
bind/88/pose = Transform3D(-0.0148277, -0.999808, -0.0127956, -0.0456959, -0.0121061, 0.998882, -0.998845, 0.0153958, -0.0455076, 0.0836011, 0.0252884, -0.121778)
bind/89/name = &"ik_hand_root"
bind/89/bone = -1
bind/89/pose = Transform3D(1, 0, 0, 0, 6.12323e-17, -1, 0, 1, 6.12323e-17, 0, 0, 0)
bind/90/name = &"ik_hand_gun"
bind/90/bone = -1
bind/90/pose = Transform3D(0.687474, 0.576042, -0.442216, -0.614358, 0.786022, 0.0688031, 0.387225, 0.224379, 0.894266, -0.354508, -1.12737, -0.070809)
bind/91/name = &"ik_hand_l"
bind/91/bone = -1
bind/91/pose = Transform3D(0.687474, -0.576042, 0.442217, -0.614358, -0.786022, -0.0688043, 0.387226, -0.224378, -0.894265, 0.354567, 1.12731, 0.0708404)
bind/92/name = &"ik_hand_r"
bind/92/bone = -1
bind/92/pose = Transform3D(0.687474, 0.576042, -0.442216, -0.614358, 0.786022, 0.0688031, 0.387225, 0.224379, 0.894266, -0.354508, -1.12737, -0.070809)
metadata/humanoid_rotation_delta = {
"Chest": Transform3D(-2.40209e-07, 9.38726e-08, -1, 0.997807, 0.0661974, -2.33514e-07, 0.0661974, -0.997807, -1.09324e-07, 0, 0, -1.49012e-08),
"Head": Transform3D(-2.142e-07, 9.93483e-08, -1, 0.92805, -0.372457, -2.35705e-07, -0.372457, -0.92805, -1.21877e-08, 0, 0, 0),
"Hips": Transform3D(-1.64324e-07, 3.89432e-08, -1, 0.996912, -0.0785267, -1.66855e-07, -0.0785267, -0.996912, -2.56721e-08, 0, 0, 0),
"LeftFoot": Transform3D(-0.0263923, 0.0463404, 0.998578, -0.0159765, -0.998816, 0.0459292, 0.999525, -0.0147417, 0.0271015, -7.45058e-09, 0, -1.19209e-07),
"LeftHand": Transform3D(-0.0164668, -0.000942901, 0.999865, 0.989257, 0.145265, 0.0164291, -0.145261, 0.989393, -0.00145914, -1.49012e-08, 0, 0),
"LeftIndexDistal": Transform3D(-0.135757, 0.290019, 0.947343, 0.963335, 0.261993, 0.057842, -0.231421, 0.920461, -0.314953, -7.45058e-09, 0, 0),
"LeftIndexIntermediate": Transform3D(-0.0727813, 0.287099, 0.955132, 0.994099, 0.0981271, 0.046255, -0.0804444, 0.952862, -0.292547, -7.45058e-09, 0, 0),
"LeftIndexProximal": Transform3D(-0.103195, 0.251771, 0.962269, 0.992626, 0.0879167, 0.0834477, -0.0635896, 0.963785, -0.258987, -7.45058e-09, 0, 0),
"LeftLittleDistal": Transform3D(-0.0427941, -0.307737, 0.950509, 0.719409, 0.650674, 0.243052, -0.693267, 0.694206, 0.193544, -1.86265e-08, 0, 2.98023e-08),
"LeftLittleIntermediate": Transform3D(0.0269979, -0.314684, 0.948813, 0.722628, 0.661977, 0.19899, -0.69071, 0.680266, 0.245271, -1.86265e-08, 0, 3.72529e-08),
"LeftLittleProximal": Transform3D(0.0332553, -0.373871, 0.926885, 0.977938, 0.203535, 0.0470116, -0.20623, 0.904873, 0.372392, -2.23517e-08, 0, 5.96046e-08),
"LeftLowerArm": Transform3D(-0.00293288, 0.0416892, -0.999127, 0.985324, 0.170644, 0.00422761, 0.170671, -0.984451, -0.0415776, 0, 0, 0),
"LeftLowerLeg": Transform3D(-0.030277, -0.0584004, -0.997834, -0.991364, -0.125688, 0.0374368, -0.127602, 0.990349, -0.0540905, 1.49012e-08, 5.96046e-08, -3.72529e-09),
"LeftMiddleDistal": Transform3D(-0.00915316, -0.00536052, 0.999944, 0.748068, 0.66354, 0.0104048, -0.663559, 0.748121, -0.00206339, -1.49012e-08, 0, 0),
"LeftMiddleIntermediate": Transform3D(-0.0876235, 0.00443002, 0.996144, 0.893809, 0.441848, 0.076657, -0.439805, 0.89708, -0.0426758, -1.49012e-08, 0, 0),
"LeftMiddleProximal": Transform3D(-0.0923593, 0.0101508, 0.995674, 0.985503, 0.143849, 0.0899494, -0.142314, 0.989547, -0.0232894, -1.49012e-08, 0, 0),
"LeftRingDistal": Transform3D(-0.0387754, -0.219813, 0.974772, 0.708413, 0.681941, 0.181959, -0.704733, 0.697596, 0.129276, -1.49012e-08, 0, 0),
"LeftRingIntermediate": Transform3D(-0.0358538, -0.210992, 0.976831, 0.851114, 0.505832, 0.140498, -0.523756, 0.836431, 0.161442, -2.23517e-08, 0, 3.72529e-09),
"LeftRingProximal": Transform3D(-0.0819358, -0.291215, 0.953142, 0.965477, 0.214081, 0.148405, -0.247267, 0.932397, 0.26362, -1.49012e-08, 0, 0),
"LeftShoulder": Transform3D(-0.267901, -0.953402, -0.138756, 0.949872, -0.285463, 0.12749, -0.161159, -0.0976463, 0.982086, -1.49012e-08, 0, 0),
"LeftThumbDistal": Transform3D(0.160399, -0.0376141, 0.986342, 0.913259, 0.386402, -0.133604, -0.376101, 0.922222, 0.0963304, 5.96046e-08, 0, 0),
"LeftThumbMetacarpal": Transform3D(0.211727, -0.115692, 0.970457, 0.977794, 0.00890499, -0.212266, 0.0159156, 0.993851, 0.115008, 0, 0, 0),
"LeftThumbProximal": Transform3D(0.147724, -0.113465, 0.982509, 0.975028, 0.186903, -0.124839, -0.169468, 0.976416, 0.138242, 0, 0, 0),
"LeftToes": Transform3D(0.0456039, 0.0278323, -0.998572, 0.998794, 0.0168653, 0.0460841, 0.0181238, -0.999472, -0.0270297, 0, -7.45058e-09, 1.21072e-07),
"LeftUpperArm": Transform3D(-0.0674196, 0.996627, -0.0467983, 0.991123, 0.0615128, -0.117862, -0.114585, -0.054329, -0.991927, 7.45058e-09, 0, 0),
"LeftUpperLeg": Transform3D(0.0814193, 0.148357, 0.985577, -0.996679, 0.0108296, 0.0807064, 0.00129997, -0.988874, 0.148746, 0, 0, 0),
"Neck": Transform3D(-2.03247e-07, 3.57246e-08, -1, 0.993536, -0.113525, -2.05902e-07, -0.113525, -0.993535, -1.21877e-08, 0, 0, 0),
"RightFoot": Transform3D(-0.0263923, 0.0463407, 0.998577, 0.015977, 0.998816, -0.0459295, -0.999525, 0.0147419, -0.0271015, 0, 7.45058e-09, -2.98023e-08),
"RightHand": Transform3D(-0.0164507, -0.000944495, 0.999864, -0.989262, -0.145229, -0.0164136, 0.145224, -0.989398, 0.00145488, 0, 0, 0),
"RightIndexDistal": Transform3D(-0.135757, 0.290013, 0.947345, -0.963335, -0.261994, -0.0578437, 0.231423, -0.920463, 0.314947, -7.45058e-09, 0, 5.96046e-08),
"RightIndexIntermediate": Transform3D(-0.0727829, 0.287093, 0.955135, -0.994098, -0.0981282, -0.0462567, 0.0804458, -0.952864, 0.29254, -7.45058e-09, 0, 0),
"RightIndexProximal": Transform3D(-0.103195, 0.251764, 0.962272, -0.992626, -0.0879116, -0.0834492, 0.0635854, -0.963787, 0.258979, -7.45058e-09, 0, 5.96046e-08),
"RightLittleDistal": Transform3D(-0.0428148, -0.307711, 0.950517, -0.719377, -0.650708, -0.243057, 0.6933, -0.694186, -0.1935, -1.11759e-08, 0, 2.98023e-08),
"RightLittleIntermediate": Transform3D(0.026977, -0.314659, 0.948822, -0.722596, -0.662009, -0.198998, 0.690745, -0.680246, -0.24523, -7.45058e-09, 0, 2.98023e-08),
"RightLittleProximal": Transform3D(0.0332293, -0.373857, 0.926892, -0.977961, -0.203433, -0.0469935, 0.206129, -0.904901, -0.372377, 0, 0, 5.96046e-08),
"RightLowerArm": Transform3D(-0.00294701, 0.0416883, -0.999127, -0.985323, -0.17065, -0.00421387, -0.170676, 0.98445, 0.0415794, 0, 0, 0),
"RightLowerLeg": Transform3D(-0.030277, -0.0584007, -0.997834, 0.991364, 0.125688, -0.0374369, 0.127602, -0.990349, 0.0540907, 0, 0, 0),
"RightMiddleDistal": Transform3D(-0.00914741, -0.0053699, 0.999944, -0.74807, -0.663538, -0.0104065, 0.663558, -0.748122, 0.00205276, -7.45058e-09, 0, 2.98023e-08),
"RightMiddleIntermediate": Transform3D(-0.0876201, 0.0044177, 0.996145, -0.89381, -0.441846, -0.0766592, 0.439804, -0.89708, 0.0426634, -1.11759e-08, 0, 2.98023e-08),
"RightMiddleProximal": Transform3D(-0.0923556, 0.010137, 0.995675, -0.9855, -0.143872, -0.0899471, 0.142338, -0.989544, 0.0232776, -7.45058e-09, 0, 5.96046e-08),
"RightRingDistal": Transform3D(-0.0387848, -0.219828, 0.974768, -0.70836, -0.681988, -0.181985, 0.704785, -0.697545, -0.129266, -7.45058e-09, 0, 2.98023e-08),
"RightRingIntermediate": Transform3D(-0.0358654, -0.211006, 0.976827, -0.851076, -0.505889, -0.140526, 0.523818, -0.836393, -0.161438, -1.11759e-08, 0, 2.98023e-08),
"RightRingProximal": Transform3D(-0.0819329, -0.29123, 0.953138, -0.965472, -0.214099, -0.148411, 0.247288, -0.932388, -0.263633, -7.45058e-09, 0, 0),
"RightShoulder": Transform3D(-0.267901, -0.953403, -0.138756, -0.949873, 0.285463, -0.127488, 0.161157, 0.0976468, -0.982087, 1.49012e-08, 9.31323e-10, 0),
"RightThumbDistal": Transform3D(0.16043, -0.0376417, 0.986336, -0.913256, -0.386405, 0.133621, 0.376097, -0.922219, -0.0963682, 5.96046e-08, 0, -1.49012e-08),
"RightThumbMetacarpal": Transform3D(0.211711, -0.115742, 0.970455, -0.977797, -0.00886455, 0.212255, -0.0159645, -0.993844, -0.115049, 5.96046e-08, 0, 0),
"RightThumbProximal": Transform3D(0.147748, -0.1135, 0.982501, -0.975026, -0.186907, 0.124855, 0.169465, -0.976411, -0.138281, 1.19209e-07, 0, -1.49012e-08),
"RightToes": Transform3D(0.0456042, 0.0278324, -0.998572, -0.998793, -0.0168649, -0.0460843, -0.0181237, 0.999472, 0.0270298, 0, 7.45058e-09, 2.79397e-08),
"RightUpperArm": Transform3D(-0.0674191, 0.996627, -0.0467985, -0.991124, -0.0615126, 0.117859, 0.114582, 0.0543291, 0.991927, -7.45058e-09, 0, 0),
"RightUpperLeg": Transform3D(0.0814194, 0.148357, 0.985576, 0.996679, -0.0108299, -0.0807064, -0.0012997, 0.988874, -0.148746, 0, 0, 0),
"Root": Transform3D(1, 0, 0, 0, 0, 1, 0, -1, 0, 0, 0, 0),
"Spine": Transform3D(-2.34923e-07, 6.929e-08, -1, 0.975559, 0.219739, -2.13979e-07, 0.219739, -0.975559, -1.18972e-07, 0, 0, 0),
"UpperChest": Transform3D(-1.17027e-07, 9.11027e-08, -1, 0.966811, -0.255492, -1.36397e-07, -0.255492, -0.966811, -5.79328e-08, -1.42109e-14, 0, 0)
}
