[gd_resource type="Skin" format=3 uid="uid://boi8h1vp481ac"]

[resource]
resource_name = "Skin2"
bind_count = 9
bind/0/name = &"Root"
bind/0/bone = -1
bind/0/pose = Transform3D(1, 0, 0, 0, 1, 2.83277e-16, 0, -2.83277e-16, 1, 0, 0, 0)
bind/1/name = &"Hips"
bind/1/bone = -1
bind/1/pose = Transform3D(1, -1.1978e-07, -5.11565e-09, 1.19776e-07, 0.996618, 0.0821691, -4.99095e-09, -0.0821691, 0.996618, 1.23891e-07, -1.0304, 0.095552)
bind/2/name = &"Spine"
bind/2/bone = -1
bind/2/pose = Transform3D(1, -1.55473e-07, -1.78539e-09, 1.54658e-07, 0.995675, -0.0929, 1.59744e-08, 0.0929, 0.995675, 1.64687e-07, -1.13804, -0.104523)
bind/3/name = &"Chest"
bind/3/bone = -1
bind/3/pose = Transform3D(1, -1.49539e-07, -2.88488e-09, 1.46557e-07, 0.983268, -0.182166, 2.98338e-08, 0.182166, 0.983268, 1.57029e-07, -1.26882, -0.21965)
bind/4/name = &"breast_l"
bind/4/bone = -1
bind/4/pose = Transform3D(1, -8.20675e-10, -1.42423e-08, 8.20667e-10, 1, -1.49012e-08, 1.42423e-08, -7.45057e-09, 1, -0.0845849, -1.33439, -0.112836)
bind/5/name = &"breast_r"
bind/5/bone = -1
bind/5/pose = Transform3D(1, 8.49458e-10, -1.44385e-08, 8.4944e-10, -1, 5.45154e-15, -1.44385e-08, -1.49012e-08, -1, 0.0845848, 1.33439, 0.112836)
bind/6/name = &"LeftUpperLeg"
bind/6/bone = -1
bind/6/pose = Transform3D(-0.99915, -0.0411985, -0.00118659, 0.0412156, -0.998736, -0.028766, -1.49012e-08, -0.0287904, 0.999585, 0.132009, 1.01511, 0.0346719)
bind/7/name = &"RightUpperLeg"
bind/7/bone = -1
bind/7/pose = Transform3D(-0.99915, 0.041198, 0.00118658, -0.0412151, -0.998736, -0.0287662, -2.98023e-08, -0.0287907, 0.999585, -0.132008, 1.01511, 0.034672)
bind/8/name = &"ik_hand_gun"
bind/8/bone = -1
bind/8/pose = Transform3D(0.687474, 0.576042, -0.442216, -0.614358, 0.786022, 0.0688033, 0.387225, 0.224379, 0.894266, -0.354509, -1.12737, -0.0708093)
metadata/humanoid_rotation_delta = {
"Chest": Transform3D(-2.40209e-07, 9.38726e-08, -1, 0.997807, 0.0661974, -2.33514e-07, 0.0661974, -0.997807, -1.09324e-07, 0, 0, -1.49012e-08),
"Head": Transform3D(-2.142e-07, 9.93483e-08, -1, 0.92805, -0.372457, -2.35705e-07, -0.372457, -0.92805, -1.21877e-08, 0, 0, 0),
"Hips": Transform3D(-1.64324e-07, 3.89432e-08, -1, 0.996912, -0.0785267, -1.66855e-07, -0.0785267, -0.996912, -2.56721e-08, 0, 0, 0),
"LeftFoot": Transform3D(-0.0263923, 0.0463404, 0.998578, -0.0159765, -0.998816, 0.0459292, 0.999525, -0.0147417, 0.0271015, -7.45058e-09, 0, -1.19209e-07),
"LeftHand": Transform3D(-0.0164668, -0.000942901, 0.999865, 0.989257, 0.145265, 0.0164291, -0.145261, 0.989393, -0.00145914, -1.49012e-08, 0, 0),
"LeftIndexDistal": Transform3D(-0.135757, 0.290019, 0.947343, 0.963335, 0.261993, 0.057842, -0.231421, 0.920461, -0.314953, -7.45058e-09, 0, 0),
"LeftIndexIntermediate": Transform3D(-0.0727813, 0.287099, 0.955132, 0.994099, 0.0981271, 0.046255, -0.0804444, 0.952862, -0.292547, -7.45058e-09, 0, 0),
"LeftIndexProximal": Transform3D(-0.103195, 0.251771, 0.962269, 0.992626, 0.0879167, 0.0834477, -0.0635896, 0.963785, -0.258987, -7.45058e-09, 0, 0),
"LeftLittleDistal": Transform3D(-0.0427941, -0.307737, 0.950509, 0.719409, 0.650674, 0.243052, -0.693267, 0.694206, 0.193544, -1.86265e-08, 0, 2.98023e-08),
"LeftLittleIntermediate": Transform3D(0.0269979, -0.314684, 0.948813, 0.722628, 0.661977, 0.19899, -0.69071, 0.680266, 0.245271, -1.86265e-08, 0, 3.72529e-08),
"LeftLittleProximal": Transform3D(0.0332553, -0.373871, 0.926885, 0.977938, 0.203535, 0.0470116, -0.20623, 0.904873, 0.372392, -2.23517e-08, 0, 5.96046e-08),
"LeftLowerArm": Transform3D(-0.00293288, 0.0416892, -0.999127, 0.985324, 0.170644, 0.00422761, 0.170671, -0.984451, -0.0415776, 0, 0, 0),
"LeftLowerLeg": Transform3D(-0.030277, -0.0584004, -0.997834, -0.991364, -0.125688, 0.0374368, -0.127602, 0.990349, -0.0540905, 1.49012e-08, 5.96046e-08, -3.72529e-09),
"LeftMiddleDistal": Transform3D(-0.00915316, -0.00536052, 0.999944, 0.748068, 0.66354, 0.0104048, -0.663559, 0.748121, -0.00206339, -1.49012e-08, 0, 0),
"LeftMiddleIntermediate": Transform3D(-0.0876235, 0.00443002, 0.996144, 0.893809, 0.441848, 0.076657, -0.439805, 0.89708, -0.0426758, -1.49012e-08, 0, 0),
"LeftMiddleProximal": Transform3D(-0.0923593, 0.0101508, 0.995674, 0.985503, 0.143849, 0.0899494, -0.142314, 0.989547, -0.0232894, -1.49012e-08, 0, 0),
"LeftRingDistal": Transform3D(-0.0387754, -0.219813, 0.974772, 0.708413, 0.681941, 0.181959, -0.704733, 0.697596, 0.129276, -1.49012e-08, 0, 0),
"LeftRingIntermediate": Transform3D(-0.0358538, -0.210992, 0.976831, 0.851114, 0.505832, 0.140498, -0.523756, 0.836431, 0.161442, -2.23517e-08, 0, 3.72529e-09),
"LeftRingProximal": Transform3D(-0.0819358, -0.291215, 0.953142, 0.965477, 0.214081, 0.148405, -0.247267, 0.932397, 0.26362, -1.49012e-08, 0, 0),
"LeftShoulder": Transform3D(-0.267901, -0.953402, -0.138756, 0.949872, -0.285463, 0.12749, -0.161159, -0.0976463, 0.982086, -1.49012e-08, 0, 0),
"LeftThumbDistal": Transform3D(0.160399, -0.0376141, 0.986342, 0.913259, 0.386402, -0.133604, -0.376101, 0.922222, 0.0963304, 5.96046e-08, 0, 0),
"LeftThumbMetacarpal": Transform3D(0.211727, -0.115692, 0.970457, 0.977794, 0.00890499, -0.212266, 0.0159156, 0.993851, 0.115008, 0, 0, 0),
"LeftThumbProximal": Transform3D(0.147724, -0.113465, 0.982509, 0.975028, 0.186903, -0.124839, -0.169468, 0.976416, 0.138242, 0, 0, 0),
"LeftToes": Transform3D(0.0456039, 0.0278323, -0.998572, 0.998794, 0.0168653, 0.0460841, 0.0181238, -0.999472, -0.0270297, 0, -7.45058e-09, 1.21072e-07),
"LeftUpperArm": Transform3D(-0.0674196, 0.996627, -0.0467983, 0.991123, 0.0615128, -0.117862, -0.114585, -0.054329, -0.991927, 7.45058e-09, 0, 0),
"LeftUpperLeg": Transform3D(0.0814193, 0.148357, 0.985577, -0.996679, 0.0108296, 0.0807064, 0.00129997, -0.988874, 0.148746, 0, 0, 0),
"Neck": Transform3D(-2.03247e-07, 3.57246e-08, -1, 0.993536, -0.113525, -2.05902e-07, -0.113525, -0.993535, -1.21877e-08, 0, 0, 0),
"RightFoot": Transform3D(-0.0263923, 0.0463407, 0.998577, 0.015977, 0.998816, -0.0459295, -0.999525, 0.0147419, -0.0271015, 0, 7.45058e-09, -2.98023e-08),
"RightHand": Transform3D(-0.0164507, -0.000944495, 0.999864, -0.989262, -0.145229, -0.0164136, 0.145224, -0.989398, 0.00145488, 0, 0, 0),
"RightIndexDistal": Transform3D(-0.135757, 0.290013, 0.947345, -0.963335, -0.261994, -0.0578437, 0.231423, -0.920463, 0.314947, -7.45058e-09, 0, 5.96046e-08),
"RightIndexIntermediate": Transform3D(-0.0727829, 0.287093, 0.955135, -0.994098, -0.0981282, -0.0462567, 0.0804458, -0.952864, 0.29254, -7.45058e-09, 0, 0),
"RightIndexProximal": Transform3D(-0.103195, 0.251764, 0.962272, -0.992626, -0.0879116, -0.0834492, 0.0635854, -0.963787, 0.258979, -7.45058e-09, 0, 5.96046e-08),
"RightLittleDistal": Transform3D(-0.0428148, -0.307711, 0.950517, -0.719377, -0.650708, -0.243057, 0.6933, -0.694186, -0.1935, -1.11759e-08, 0, 2.98023e-08),
"RightLittleIntermediate": Transform3D(0.026977, -0.314659, 0.948822, -0.722596, -0.662009, -0.198998, 0.690745, -0.680246, -0.24523, -7.45058e-09, 0, 2.98023e-08),
"RightLittleProximal": Transform3D(0.0332293, -0.373857, 0.926892, -0.977961, -0.203433, -0.0469935, 0.206129, -0.904901, -0.372377, 0, 0, 5.96046e-08),
"RightLowerArm": Transform3D(-0.00294701, 0.0416883, -0.999127, -0.985323, -0.17065, -0.00421387, -0.170676, 0.98445, 0.0415794, 0, 0, 0),
"RightLowerLeg": Transform3D(-0.030277, -0.0584007, -0.997834, 0.991364, 0.125688, -0.0374369, 0.127602, -0.990349, 0.0540907, 0, 0, 0),
"RightMiddleDistal": Transform3D(-0.00914741, -0.0053699, 0.999944, -0.74807, -0.663538, -0.0104065, 0.663558, -0.748122, 0.00205276, -7.45058e-09, 0, 2.98023e-08),
"RightMiddleIntermediate": Transform3D(-0.0876201, 0.0044177, 0.996145, -0.89381, -0.441846, -0.0766592, 0.439804, -0.89708, 0.0426634, -1.11759e-08, 0, 2.98023e-08),
"RightMiddleProximal": Transform3D(-0.0923556, 0.010137, 0.995675, -0.9855, -0.143872, -0.0899471, 0.142338, -0.989544, 0.0232776, -7.45058e-09, 0, 5.96046e-08),
"RightRingDistal": Transform3D(-0.0387848, -0.219828, 0.974768, -0.70836, -0.681988, -0.181985, 0.704785, -0.697545, -0.129266, -7.45058e-09, 0, 2.98023e-08),
"RightRingIntermediate": Transform3D(-0.0358654, -0.211006, 0.976827, -0.851076, -0.505889, -0.140526, 0.523818, -0.836393, -0.161438, -1.11759e-08, 0, 2.98023e-08),
"RightRingProximal": Transform3D(-0.0819329, -0.29123, 0.953138, -0.965472, -0.214099, -0.148411, 0.247288, -0.932388, -0.263633, -7.45058e-09, 0, 0),
"RightShoulder": Transform3D(-0.267901, -0.953403, -0.138756, -0.949873, 0.285463, -0.127488, 0.161157, 0.0976468, -0.982087, 1.49012e-08, 9.31323e-10, 0),
"RightThumbDistal": Transform3D(0.16043, -0.0376417, 0.986336, -0.913256, -0.386405, 0.133621, 0.376097, -0.922219, -0.0963682, 5.96046e-08, 0, -1.49012e-08),
"RightThumbMetacarpal": Transform3D(0.211711, -0.115742, 0.970455, -0.977797, -0.00886455, 0.212255, -0.0159645, -0.993844, -0.115049, 5.96046e-08, 0, 0),
"RightThumbProximal": Transform3D(0.147748, -0.1135, 0.982501, -0.975026, -0.186907, 0.124855, 0.169465, -0.976411, -0.138281, 1.19209e-07, 0, -1.49012e-08),
"RightToes": Transform3D(0.0456042, 0.0278324, -0.998572, -0.998793, -0.0168649, -0.0460843, -0.0181237, 0.999472, 0.0270298, 0, 7.45058e-09, 2.79397e-08),
"RightUpperArm": Transform3D(-0.0674191, 0.996627, -0.0467985, -0.991124, -0.0615126, 0.117859, 0.114582, 0.0543291, 0.991927, -7.45058e-09, 0, 0),
"RightUpperLeg": Transform3D(0.0814194, 0.148357, 0.985576, 0.996679, -0.0108299, -0.0807064, -0.0012997, 0.988874, -0.148746, 0, 0, 0),
"Root": Transform3D(1, 0, 0, 0, 0, 1, 0, -1, 0, 0, 0, 0),
"Spine": Transform3D(-2.34923e-07, 6.929e-08, -1, 0.975559, 0.219739, -2.13979e-07, 0.219739, -0.975559, -1.18972e-07, 0, 0, 0),
"UpperChest": Transform3D(-1.17027e-07, 9.11027e-08, -1, 0.966811, -0.255492, -1.36397e-07, -0.255492, -0.966811, -5.79328e-08, -1.42109e-14, 0, 0)
}
