[gd_resource type="Skin" format=3 uid="uid://b8cdeelwanr11"]

[resource]
resource_name = "Skin31"
bind_count = 10
bind/0/name = &"Neck"
bind/0/bone = -1
bind/0/pose = Transform3D(1, -9.53904e-08, -6.62508e-08, 1.12569e-07, 0.936385, 0.350973, 2.85427e-08, -0.350973, 0.936385, 7.23115e-08, -1.41817, 0.547503)
bind/1/name = &"Head"
bind/1/bone = -1
bind/1/pose = Transform3D(1, -9.53904e-08, -6.62508e-08, 1.12569e-07, 0.936386, 0.350973, 2.85427e-08, -0.350973, 0.936386, 7.23108e-08, -1.5153, 0.547503)
bind/2/name = &"hair_front_01_l"
bind/2/bone = -1
bind/2/pose = Transform3D(0.0918988, -0.995578, -0.0194657, 0.973968, 0.0939378, -0.206304, 0.20722, 3.42886e-08, 0.978294, 1.58656, -0.220145, -0.0553321)
bind/3/name = &"earring_r"
bind/3/bone = -1
bind/3/pose = Transform3D(1, -3.17138e-11, -2.98892e-09, 3.17034e-11, 1, -2.23517e-08, 2.98891e-09, -7.45059e-09, 1, 0.0676588, -1.62305, -0.0123087)
bind/4/name = &"earring_l"
bind/4/bone = -1
bind/4/pose = Transform3D(1, 4.25921e-11, -2.99063e-09, 4.25812e-11, -1, 2.23517e-08, -2.99063e-09, -2.23517e-08, -1, -0.0685517, 1.62379, 0.0133204)
bind/5/name = &"hair_twintails_bangs_01_l"
bind/5/bone = -1
bind/5/pose = Transform3D(0.0526991, -0.954859, -0.292349, 0.169393, 0.297061, -0.939713, 0.984139, 7.84095e-16, 0.177402, 1.64908, -0.421833, -0.0864061)
bind/6/name = &"hair_twintails_bangs_02_l"
bind/6/bone = -1
bind/6/pose = Transform3D(-0.318031, -0.9453, -0.072561, -0.921616, 0.326204, -0.210273, 0.222441, -5.85265e-08, -0.974946, 1.56356, -0.445169, 0.0591857)
bind/7/name = &"hair_twintails_bangs_01_r"
bind/7/bone = -1
bind/7/pose = Transform3D(0.0526991, 0.954859, 0.292349, 0.169393, -0.297061, 0.939713, 0.984139, 4.42656e-09, -0.177402, -1.64908, 0.421833, 0.0864059)
bind/8/name = &"hair_twintails_bangs_02_r"
bind/8/bone = -1
bind/8/pose = Transform3D(-0.318031, 0.945299, 0.072561, -0.921616, -0.326204, 0.210273, 0.222441, -9.72163e-09, 0.974946, -1.56356, 0.44517, -0.0591858)
bind/9/name = &"hair_twintails_bangs_03_r"
bind/9/bone = -1
bind/9/pose = Transform3D(1, -2.31731e-08, 1.49011e-08, 3.83663e-08, -1, 2.41651e-08, -1.74467e-08, 7.45047e-09, -1, 0.0521642, 1.55888, 0.0726083)
metadata/humanoid_rotation_delta = {
"Chest": Transform3D(-8.12291e-08, -7.46658e-08, -1, 0.997807, 0.0661911, -8.60388e-08, 0.0661911, -0.997807, 6.93691e-08, 0, 0, 0),
"Head": Transform3D(-1.11383e-08, -9.83386e-09, -1, 0.92805, -0.372457, -6.58761e-09, -0.372457, -0.92805, 1.35071e-08, 0, 0, 0),
"Hips": Transform3D(-5.05746e-08, -2.06783e-08, -1, 0.996912, -0.0785268, -4.87747e-08, -0.0785268, -0.996912, 2.4833e-08, 0, 0, 0),
"LeftFoot": Transform3D(-0.0263924, 0.0463405, 0.998577, -0.0159767, -0.998816, 0.0459294, 0.999524, -0.0147419, 0.0271015, 0, 3.72529e-09, -2.98023e-08),
"LeftHand": Transform3D(-0.0164674, -0.000944003, 0.999863, 0.989256, 0.145265, 0.0164291, -0.145261, 0.989394, -0.00145831, 1.49012e-08, 0, 1.19209e-07),
"LeftIndexDistal": Transform3D(-0.135757, 0.290018, 0.947343, 0.963335, 0.261993, 0.0578414, -0.231421, 0.920462, -0.314952, -7.45058e-09, 5.96046e-08, 5.96046e-08),
"LeftIndexIntermediate": Transform3D(-0.0727817, 0.287099, 0.955131, 0.994098, 0.0981279, 0.0462543, -0.0804439, 0.952863, -0.292546, 0, 1.19209e-07, 5.96046e-08),
"LeftIndexProximal": Transform3D(-0.103196, 0.25177, 0.962268, 0.992626, 0.0879174, 0.0834473, -0.0635892, 0.963786, -0.258987, 0, 1.19209e-07, 0),
"LeftLittleDistal": Transform3D(-0.0427952, -0.307738, 0.950507, 0.71941, 0.650674, 0.243053, -0.693264, 0.694207, 0.193545, -1.30385e-08, 1.19209e-07, -2.98023e-08),
"LeftLittleIntermediate": Transform3D(0.0269968, -0.314685, 0.948811, 0.722629, 0.661976, 0.19899, -0.690707, 0.680267, 0.245272, -9.31323e-09, 2.38419e-07, -2.23517e-08),
"LeftLittleProximal": Transform3D(0.0332545, -0.373872, 0.926883, 0.977937, 0.203535, 0.0470116, -0.206229, 0.904873, 0.372393, -1.49012e-08, 5.96046e-08, 5.96046e-08),
"LeftLowerArm": Transform3D(-0.00293348, 0.04169, -0.999127, 0.985324, 0.170645, 0.00422757, 0.170672, -0.98445, -0.0415787, 1.19209e-07, -5.96046e-08, 0),
"LeftLowerLeg": Transform3D(-0.0302768, -0.0584006, -0.997834, -0.991363, -0.125688, 0.0374367, -0.127602, 0.990349, -0.0540908, 0, 0, 0),
"LeftMiddleDistal": Transform3D(-0.00915377, -0.00536124, 0.999943, 0.748069, 0.66354, 0.0104049, -0.663557, 0.748122, -0.00206281, -3.72529e-09, 2.38419e-07, 2.98023e-08),
"LeftMiddleIntermediate": Transform3D(-0.0876243, 0.00442939, 0.996143, 0.89381, 0.441848, 0.0766572, -0.439803, 0.89708, -0.042675, -3.72529e-09, 1.19209e-07, 2.98023e-08),
"LeftMiddleProximal": Transform3D(-0.09236, 0.0101497, 0.995672, 0.985503, 0.143849, 0.0899493, -0.142313, 0.989548, -0.0232885, -5.58794e-09, 5.96046e-08, 1.19209e-07),
"LeftRingDistal": Transform3D(-0.038776, -0.219813, 0.97477, 0.708413, 0.681941, 0.181959, -0.704731, 0.697596, 0.129277, -7.45058e-09, 1.19209e-07, 0),
"LeftRingIntermediate": Transform3D(-0.0358546, -0.210992, 0.976829, 0.851114, 0.505833, 0.140498, -0.523754, 0.836431, 0.161443, -1.11759e-08, 0, 0),
"LeftRingProximal": Transform3D(-0.0819366, -0.291215, 0.953141, 0.965476, 0.214082, 0.148405, -0.247267, 0.932397, 0.263621, -2.23517e-08, 1.19209e-07, 5.96046e-08),
"LeftShoulder": Transform3D(-0.267902, -0.953402, -0.138754, 0.949872, -0.285465, 0.127489, -0.161157, -0.0976442, 0.982086, 0, 0, 0),
"LeftThumbDistal": Transform3D(0.160395, -0.0376048, 0.986345, 0.91326, 0.386402, -0.133605, -0.376103, 0.922219, 0.0963208, 5.96046e-08, 1.19209e-07, 0),
"LeftThumbMetacarpal": Transform3D(0.211703, -0.115692, 0.970464, 0.977799, 0.00890574, -0.212243, 0.0159124, 0.993847, 0.115008, -5.96046e-08, 1.19209e-07, 5.96046e-08),
"LeftThumbProximal": Transform3D(0.147722, -0.113456, 0.982512, 0.975029, 0.186902, -0.12484, -0.169471, 0.976415, 0.138232, -5.96046e-08, 1.19209e-07, 2.98023e-08),
"LeftToes": Transform3D(0.045604, 0.0278325, -0.998572, 0.998794, 0.016865, 0.0460842, 0.0181235, -0.999471, -0.0270299, 0, -3.72529e-09, 2.98023e-08),
"LeftUpperArm": Transform3D(-0.0674185, 0.996627, -0.0467982, 0.991123, 0.0615118, -0.11786, -0.114584, -0.0543286, -0.991927, 0, 0, 0),
"LeftUpperLeg": Transform3D(0.0814192, 0.148357, 0.985576, -0.996679, 0.0108298, 0.0807062, 0.00129979, -0.988875, 0.148746, 0, 0, 0),
"Neck": Transform3D(1.4705e-08, -7.5034e-08, -1, 0.993535, -0.113525, 2.32147e-08, -0.113525, -0.993535, 7.31118e-08, 0, 0, 0),
"RightFoot": Transform3D(-0.0263921, 0.0463407, 0.998577, 0.0159772, 0.998817, -0.0459295, -0.999525, 0.0147423, -0.0271013, -7.45058e-09, 3.72529e-09, -5.96046e-08),
"RightHand": Transform3D(-0.0164521, -0.000945166, 0.999863, -0.989261, -0.145228, -0.0164139, 0.145224, -0.989399, 0.00145457, -1.49012e-08, 0, 0),
"RightIndexDistal": Transform3D(-0.135758, 0.290013, 0.947344, -0.963335, -0.261991, -0.0578442, 0.231418, -0.920465, 0.314947, 0, 1.19209e-07, 0),
"RightIndexIntermediate": Transform3D(-0.0727834, 0.287093, 0.955134, -0.994097, -0.0981255, -0.0462572, 0.0804407, -0.952865, 0.29254, -7.45058e-09, 1.19209e-07, 0),
"RightIndexProximal": Transform3D(-0.103196, 0.251764, 0.962271, -0.992625, -0.0879122, -0.0834489, 0.0635848, -0.963788, 0.25898, -1.49012e-08, 1.19209e-07, 0),
"RightLittleDistal": Transform3D(-0.0428156, -0.30771, 0.950516, -0.719375, -0.65071, -0.243057, 0.693298, -0.694185, -0.1935, -3.72529e-09, 0, 0),
"RightLittleIntermediate": Transform3D(0.0269763, -0.314658, 0.948821, -0.722594, -0.662012, -0.198998, 0.690744, -0.680246, -0.24523, -3.72529e-09, 0, 0),
"RightLittleProximal": Transform3D(0.0332284, -0.373857, 0.926891, -0.977959, -0.203433, -0.0469936, 0.206128, -0.904902, -0.372377, -7.45058e-09, 0, 0),
"RightLowerArm": Transform3D(-0.00294731, 0.0416884, -0.999127, -0.985322, -0.17065, -0.00421442, -0.170678, 0.984449, 0.0415799, 0, 0, 0),
"RightLowerLeg": Transform3D(-0.0302771, -0.0584006, -0.997834, 0.991364, 0.125688, -0.037437, 0.127602, -0.990349, 0.0540907, 0, 5.96046e-08, 0),
"RightMiddleDistal": Transform3D(-0.00914823, -0.00536999, 0.999943, -0.748069, -0.663539, -0.0104064, 0.663556, -0.748124, 0.00205273, -3.72529e-09, 0, 0),
"RightMiddleIntermediate": Transform3D(-0.0876208, 0.00441802, 0.996143, -0.893809, -0.441847, -0.076659, 0.439802, -0.897081, 0.0426633, -3.72529e-09, 0, 0),
"RightMiddleProximal": Transform3D(-0.0923566, 0.0101368, 0.995674, -0.985498, -0.143873, -0.0899471, 0.142338, -0.989545, 0.0232776, -3.72529e-09, 0, 0),
"RightRingDistal": Transform3D(-0.0387857, -0.219827, 0.974767, -0.708359, -0.681989, -0.181985, 0.704783, -0.697545, -0.129266, 0, 0, 0),
"RightRingIntermediate": Transform3D(-0.0358663, -0.211005, 0.976826, -0.851075, -0.50589, -0.140526, 0.523816, -0.836393, -0.161438, 0, 0, 0),
"RightRingProximal": Transform3D(-0.0819341, -0.291231, 0.953137, -0.96547, -0.2141, -0.148411, 0.247288, -0.932388, -0.263633, 0, 0, 0),
"RightShoulder": Transform3D(-0.267902, -0.953402, -0.138754, -0.949873, 0.285464, -0.127486, 0.161155, 0.0976453, -0.982086, -1.49012e-08, -9.31323e-10, 0),
"RightThumbDistal": Transform3D(0.16043, -0.0376401, 0.986338, -0.913256, -0.386405, 0.133624, 0.376099, -0.922216, -0.0963671, 0, 0, 0),
"RightThumbMetacarpal": Transform3D(0.211708, -0.115742, 0.970457, -0.977797, -0.00886512, 0.212253, -0.0159628, -0.993841, -0.115049, 0, 0, 0),
"RightThumbProximal": Transform3D(0.147748, -0.113498, 0.982503, -0.975025, -0.186907, 0.124858, 0.169467, -0.976409, -0.138279, 0, 0, 0),
"RightToes": Transform3D(0.0456043, 0.0278322, -0.998572, -0.998794, -0.0168647, -0.0460844, -0.0181233, 0.999473, 0.0270296, 1.49012e-08, 1.49012e-08, 6.14673e-08),
"RightUpperArm": Transform3D(-0.0674198, 0.996627, -0.0467986, -0.991122, -0.0615132, 0.117857, 0.114581, 0.0543291, 0.991927, 1.49012e-08, 0, 0),
"RightUpperLeg": Transform3D(0.0814195, 0.148357, 0.985577, 0.99668, -0.0108301, -0.0807066, -0.00129953, 0.988875, -0.148746, 0, 0, 0),
"Root": Transform3D(1, 0, 0, 0, 0, 1, 0, -1, 0, 0, 0, 0),
"Spine": Transform3D(-4.76057e-08, -2.68156e-08, -1, 0.975558, 0.219742, -5.23582e-08, 0.219742, -0.975558, 1.5946e-08, -7.10543e-15, 0, 0),
"UpperChest": Transform3D(2.03961e-07, -1.65582e-07, -1, 0.966812, -0.255489, 2.39519e-07, -0.255489, -0.966812, 1.08224e-07, 0, 0, 0)
}
