[gd_resource type="Skin" format=3 uid="uid://jyxxeihme85p"]

[resource]
resource_name = "Skin3"
bind_count = 11
bind/0/name = &"Root"
bind/0/bone = -1
bind/0/pose = Transform3D(1, 0, 0, 0, 1, 2.83277e-16, 0, -2.83277e-16, 1, 0, 0, 0)
bind/1/name = &"LeftLowerLeg"
bind/1/bone = -1
bind/1/pose = Transform3D(0.99915, 0.0411982, 0.00118662, 0.0412153, -0.998736, -0.0287664, 1.49012e-08, 0.0287909, -0.999585, -0.132008, 0.57301, -0.0346723)
bind/2/name = &"LeftFoot"
bind/2/bone = -1
bind/2/pose = Transform3D(-0.99915, -0.0411982, -0.00118662, -2.6077e-08, -0.0287909, 0.999585, -0.0412153, 0.998736, 0.0287664, 0.12219, 0.0333679, -0.0791252)
bind/3/name = &"LeftToes"
bind/3/bone = -1
bind/3/pose = Transform3D(0.99915, 0.0411982, 0.00118663, -1.11759e-08, -0.0287908, 0.999585, 0.0412153, -0.998736, -0.0287664, -0.128533, -0.0433115, 0.0309187)
bind/4/name = &"RightLowerLeg"
bind/4/bone = -1
bind/4/pose = Transform3D(0.99915, -0.0411978, -0.00118664, -0.0412149, -0.998736, -0.0287667, 0, 0.0287912, -0.999585, 0.132008, 0.573011, -0.0346725)
bind/5/name = &"RightFoot"
bind/5/bone = -1
bind/5/pose = Transform3D(-0.99915, 0.0411978, 0.00118664, 7.45058e-09, -0.0287911, 0.999586, 0.0412149, 0.998736, 0.0287667, -0.12219, 0.0333679, -0.0791252)
bind/6/name = &"RightToes"
bind/6/bone = -1
bind/6/pose = Transform3D(0.99915, -0.0411978, -0.00118663, 3.72529e-09, -0.0287911, 0.999586, -0.0412149, -0.998736, -0.0287666, 0.128534, -0.0433115, 0.0309188)
bind/7/name = &"ik_foot_root"
bind/7/bone = -1
bind/7/pose = Transform3D(1, 0, 0, 0, 2.83277e-16, -1, 0, 1, 2.83277e-16, 0, 0, 0)
bind/8/name = &"ik_foot_l"
bind/8/bone = -1
bind/8/pose = Transform3D(-0.0148276, 0.999808, 0.0127956, -0.0456939, 0.0121061, -0.998882, -0.998845, -0.0153957, 0.0455056, -0.0836446, -0.025308, 0.12136)
bind/9/name = &"ik_foot_r"
bind/9/bone = -1
bind/9/pose = Transform3D(-0.0148276, -0.999808, -0.0127956, -0.0456959, -0.0121061, 0.998882, -0.998845, 0.0153958, -0.0455077, 0.0836012, 0.0252884, -0.121778)
bind/10/name = &"ik_hand_root"
bind/10/bone = -1
bind/10/pose = Transform3D(1, 0, 0, 0, 2.83277e-16, -1, 0, 1, 2.83277e-16, 0, 0, 0)
metadata/humanoid_rotation_delta = {
"Chest": Transform3D(-2.40209e-07, 9.38726e-08, -1, 0.997807, 0.0661974, -2.33514e-07, 0.0661974, -0.997807, -1.09324e-07, 0, 0, -1.49012e-08),
"Head": Transform3D(-2.142e-07, 9.93483e-08, -1, 0.92805, -0.372457, -2.35705e-07, -0.372457, -0.92805, -1.21877e-08, 0, 0, 0),
"Hips": Transform3D(-1.64324e-07, 3.89432e-08, -1, 0.996912, -0.0785267, -1.66855e-07, -0.0785267, -0.996912, -2.56721e-08, 0, 0, 0),
"LeftFoot": Transform3D(-0.0263921, 0.0463408, 0.998577, -0.0159773, -0.998816, 0.0459296, 0.999524, -0.0147424, 0.0271013, 0, 0, 0),
"LeftHand": Transform3D(-0.016463, -0.000942662, 0.999864, 0.989258, 0.145255, 0.0164254, -0.14525, 0.989394, -0.00145864, -1.49012e-08, 0, 0),
"LeftIndexDistal": Transform3D(-0.13576, 0.290014, 0.947345, 0.963337, 0.261987, 0.0578492, -0.231415, 0.920465, -0.314948, -1.49012e-08, 0, 0),
"LeftIndexIntermediate": Transform3D(-0.0727857, 0.287095, 0.955133, 0.994099, 0.098121, 0.0462619, -0.0804363, 0.952864, -0.292543, -1.49012e-08, 0, 5.96046e-08),
"LeftIndexProximal": Transform3D(-0.103194, 0.251768, 0.96227, 0.992626, 0.0879292, 0.0834436, -0.0636027, 0.963786, -0.258985, -7.45058e-09, 0, 5.96046e-08),
"LeftLittleDistal": Transform3D(-0.04281, -0.307722, 0.950513, 0.71937, 0.650714, 0.243064, -0.693308, 0.694175, 0.193509, -1.49012e-08, 0, 7.45058e-09),
"LeftLittleIntermediate": Transform3D(0.0269816, -0.314669, 0.948818, 0.722589, 0.662015, 0.199005, -0.690752, 0.680236, 0.245239, -1.49012e-08, 0, 7.45058e-09),
"LeftLittleProximal": Transform3D(0.0332374, -0.373864, 0.926888, 0.977949, 0.203489, 0.0470096, -0.206186, 0.904886, 0.372383, -1.49012e-08, 0, 0),
"LeftLowerArm": Transform3D(-0.00293341, 0.0416894, -0.999127, 0.985324, 0.170645, 0.00422708, 0.170672, -0.98445, -0.0415779, 0, 0, 0),
"LeftLowerLeg": Transform3D(-0.030277, -0.0584008, -0.997834, -0.991363, -0.125688, 0.0374369, -0.127602, 0.990349, -0.054091, 0, 0, 0),
"LeftMiddleDistal": Transform3D(-0.00915299, -0.00537347, 0.999944, 0.748072, 0.663538, 0.0104133, -0.663556, 0.748125, -0.00205359, -1.49012e-08, 0, 0),
"LeftMiddleIntermediate": Transform3D(-0.0876264, 0.00441733, 0.996144, 0.893811, 0.441844, 0.0766653, -0.439802, 0.897081, -0.0426654, -1.49012e-08, 0, 0),
"LeftMiddleProximal": Transform3D(-0.0923536, 0.0101426, 0.995675, 0.985499, 0.143883, 0.0899441, -0.142348, 0.989543, -0.0232836, -1.30385e-08, 0, 0),
"LeftRingDistal": Transform3D(-0.0387873, -0.21983, 0.974767, 0.708409, 0.68194, 0.18198, -0.704736, 0.697592, 0.129279, -1.49012e-08, 0, 0),
"LeftRingIntermediate": Transform3D(-0.0358686, -0.211006, 0.976827, 0.851111, 0.505832, 0.140518, -0.52376, 0.836428, 0.161446, -1.49012e-08, 0, 3.72529e-09),
"LeftRingProximal": Transform3D(-0.0819346, -0.29122, 0.953141, 0.965474, 0.214093, 0.148408, -0.247279, 0.932393, 0.263624, -1.49012e-08, 0, 0),
"LeftShoulder": Transform3D(-0.267901, -0.953402, -0.138756, 0.949872, -0.285463, 0.12749, -0.161159, -0.0976463, 0.982086, -1.49012e-08, 0, 0),
"LeftThumbDistal": Transform3D(0.16041, -0.0376056, 0.986341, 0.913254, 0.38641, -0.133617, -0.376109, 0.922218, 0.096328, -5.96046e-08, 0, -2.98023e-08),
"LeftThumbMetacarpal": Transform3D(0.211706, -0.115699, 0.970462, 0.977798, 0.0089049, -0.212245, 0.0159147, 0.993849, 0.115015, -5.96046e-08, 0, 0),
"LeftThumbProximal": Transform3D(0.147737, -0.113459, 0.982508, 0.975025, 0.186913, -0.124851, -0.169477, 0.976414, 0.138239, 0, 0, -1.49012e-08),
"LeftToes": Transform3D(0.0456044, 0.0278322, -0.998572, 0.998795, 0.0168645, 0.0460846, 0.018123, -0.99947, -0.0270296, 0, 0, -3.72529e-09),
"LeftUpperArm": Transform3D(-0.0674196, 0.996627, -0.0467983, 0.991123, 0.0615128, -0.117862, -0.114585, -0.054329, -0.991927, 7.45058e-09, 0, 0),
"LeftUpperLeg": Transform3D(0.0814195, 0.148357, 0.985577, -0.996679, 0.0108301, 0.0807065, 0.00129952, -0.988874, 0.148746, 0, 0, 0),
"Neck": Transform3D(-2.03247e-07, 3.57246e-08, -1, 0.993536, -0.113525, -2.05902e-07, -0.113525, -0.993535, -1.21877e-08, 0, 0, 0),
"RightFoot": Transform3D(-0.0263921, 0.046341, 0.998577, 0.0159776, 0.998817, -0.0459299, -0.999524, 0.0147427, -0.0271013, 7.45058e-09, 1.11759e-08, 2.98023e-08),
"RightHand": Transform3D(-0.0164501, -0.00094445, 0.999865, -0.989264, -0.145216, -0.016413, 0.145212, -0.9894, 0.00145453, 0, -5.96046e-08, 5.96046e-08),
"RightIndexDistal": Transform3D(-0.135758, 0.29001, 0.947346, -0.963333, -0.262002, -0.0578428, 0.231432, -0.920462, 0.314945, -1.49012e-08, 0, 0),
"RightIndexIntermediate": Transform3D(-0.0727844, 0.28709, 0.955135, -0.994098, -0.0981367, -0.0462561, 0.0804539, -0.952864, 0.292538, -1.49012e-08, 0, 0),
"RightIndexProximal": Transform3D(-0.103194, 0.251762, 0.962272, -0.992627, -0.0879243, -0.0834454, 0.0635986, -0.963788, 0.258979, -7.45058e-09, 0, 0),
"RightLittleDistal": Transform3D(-0.0428157, -0.307718, 0.950514, -0.719363, -0.65072, -0.243067, 0.693314, -0.694172, -0.1935, -1.11759e-08, 0, 2.98023e-08),
"RightLittleIntermediate": Transform3D(0.026976, -0.314667, 0.948819, -0.722583, -0.662021, -0.199009, 0.690759, -0.680232, -0.245231, -1.11759e-08, 0, 2.98023e-08),
"RightLittleProximal": Transform3D(0.0332345, -0.37386, 0.92689, -0.977958, -0.203448, -0.0469949, 0.206143, -0.904897, -0.372381, -7.45058e-09, 0, 0),
"RightLowerArm": Transform3D(-0.00294701, 0.0416883, -0.999127, -0.985323, -0.17065, -0.00421387, -0.170676, 0.98445, 0.0415794, 0, 0, 0),
"RightLowerLeg": Transform3D(-0.0302772, -0.0584011, -0.997834, 0.991364, 0.125687, -0.037437, 0.127602, -0.99035, 0.0540912, 0, 0, 0),
"RightMiddleDistal": Transform3D(-0.00914866, -0.00537588, 0.999944, -0.748062, -0.663548, -0.0104114, 0.663566, -0.748116, 0.00204919, -7.45058e-09, 0, 2.98023e-08),
"RightMiddleIntermediate": Transform3D(-0.087623, 0.00441242, 0.996144, -0.893805, -0.441857, -0.0766637, 0.439814, -0.897076, 0.0426607, -7.45058e-09, 0, 2.98023e-08),
"RightMiddleProximal": Transform3D(-0.0923522, 0.0101351, 0.995675, -0.985499, -0.143883, -0.0899438, 0.142349, -0.989544, 0.0232761, -7.45058e-09, -5.96046e-08, 0),
"RightRingDistal": Transform3D(-0.0387776, -0.219839, 0.974766, -0.708383, -0.681965, -0.181984, 0.704763, -0.697564, -0.129285, -1.11759e-08, 0, 2.98023e-08),
"RightRingIntermediate": Transform3D(-0.0358614, -0.211018, 0.976824, -0.851092, -0.505862, -0.140524, 0.523791, -0.836407, -0.161455, -7.45058e-09, 0, 2.98023e-08),
"RightRingProximal": Transform3D(-0.0819208, -0.291232, 0.953139, -0.96547, -0.214117, -0.148404, 0.247303, -0.932384, -0.263635, -7.45058e-09, 0, 5.96046e-08),
"RightShoulder": Transform3D(-0.267901, -0.953403, -0.138756, -0.949873, 0.285463, -0.127488, 0.161157, 0.0976468, -0.982087, 1.49012e-08, 9.31323e-10, 0),
"RightThumbDistal": Transform3D(0.160427, -0.0376437, 0.986337, -0.91326, -0.386397, 0.133618, 0.376089, -0.922222, -0.0963675, 1.19209e-07, 0, 1.49012e-08),
"RightThumbMetacarpal": Transform3D(0.211717, -0.115738, 0.970454, -0.977796, -0.00889036, 0.212259, -0.0159391, -0.993844, -0.11505, 5.96046e-08, 0, 0),
"RightThumbProximal": Transform3D(0.147744, -0.113501, 0.982502, -0.975027, -0.186899, 0.124853, 0.169457, -0.976412, -0.13828, 5.96046e-08, -5.96046e-08, 0),
"RightToes": Transform3D(0.0456046, 0.0278322, -0.998572, -0.998795, -0.0168641, -0.0460848, -0.0181227, 0.999471, 0.0270296, 0, 1.86265e-08, -3.1665e-08),
"RightUpperArm": Transform3D(-0.0674191, 0.996627, -0.0467985, -0.991124, -0.0615126, 0.117859, 0.114582, 0.0543291, 0.991927, -7.45058e-09, 0, 0),
"RightUpperLeg": Transform3D(0.0814197, 0.148357, 0.985577, 0.996679, -0.0108304, -0.0807066, -0.00129922, 0.988875, -0.148746, 0, 0, 0),
"Root": Transform3D(1, 0, 0, 0, 0, 1, 0, -1, 0, 0, 0, 0),
"Spine": Transform3D(-2.34923e-07, 6.929e-08, -1, 0.975559, 0.219739, -2.13979e-07, 0.219739, -0.975559, -1.18972e-07, 0, 0, 0),
"UpperChest": Transform3D(-1.17027e-07, 9.11027e-08, -1, 0.966811, -0.255492, -1.36397e-07, -0.255492, -0.966811, -5.79328e-08, -1.42109e-14, 0, 0)
}
