[gd_resource type="Skin" format=3 uid="uid://c4irnq7ijad42"]

[resource]
resource_name = "Skin"
bind_count = 51
bind/0/name = &"Root"
bind/0/bone = -1
bind/0/pose = Transform3D(1, 0, 0, 0, 1, 2.83277e-16, 0, -2.83277e-16, 1, 5.97488e-05, 0.00159274, -0.0013835)
bind/1/name = &"Hips"
bind/1/bone = -1
bind/1/pose = Transform3D(1, -1.1978e-07, -5.11565e-09, 1.19776e-07, 0.996618, 0.0821691, -4.99095e-09, -0.0821691, 0.996618, 5.98725e-05, -1.02893, 0.0940423)
bind/2/name = &"Spine"
bind/2/bone = -1
bind/2/pose = Transform3D(1, -1.55473e-07, -1.78539e-09, 1.54658e-07, 0.995675, -0.0929, 1.59744e-08, 0.0929, 0.995675, 5.99132e-05, -1.13632, -0.105753)
bind/3/name = &"UpperChest"
bind/3/bone = -1
bind/3/pose = Transform3D(1, -5.49025e-08, 5.93254e-09, 5.40928e-08, 0.995688, 0.09277, -1.12471e-08, -0.09277, 0.995688, 5.97741e-05, -1.38386, 0.162678)
bind/4/name = &"LeftShoulder"
bind/4/bone = -1
bind/4/pose = Transform3D(0.168728, -0.0914399, 0.981412, 0.984383, -0.0350817, -0.172508, 0.0502037, 0.995193, 0.0840927, 0.15382, 0.00989245, -1.46308)
bind/5/name = &"LeftUpperArm"
bind/5/bone = -1
bind/5/pose = Transform3D(-0.146921, 0.0581806, -0.987436, 0.545204, -0.828175, -0.129918, -0.825329, -0.557442, 0.0899559, -0.108365, 1.13245, 0.937551)
bind/6/name = &"LeftLowerArm"
bind/6/bone = -1
bind/6/pose = Transform3D(-0.749069, -0.650635, 0.124781, 0.656599, -0.704053, 0.27053, -0.0881639, 0.284577, 0.95459, 1.0371, 0.730608, -0.262974)
bind/7/name = &"lowerarm_twist_01_l"
bind/7/bone = -1
bind/7/pose = Transform3D(0.634113, -0.643243, 0.429115, 0.167609, -0.427419, -0.88838, 0.754856, 0.635257, -0.163218, 0.541492, 0.407064, -1.0258)
bind/8/name = &"upperarm_twist_01_l"
bind/8/bone = -1
bind/8/pose = Transform3D(0.64484, -0.760872, -0.0724998, -0.0680492, 0.037326, -0.996983, 0.761283, 0.647828, -0.0277074, 1.01727, -0.0892754, -1.05838)
bind/9/name = &"Neck"
bind/9/bone = -1
bind/9/pose = Transform3D(1, -1.14132e-07, -1.62678e-08, 1.12495e-07, 0.936385, 0.350974, -2.50567e-08, -0.350974, 0.936385, 5.98492e-05, -1.40704, 0.551835)
bind/10/name = &"Head"
bind/10/bone = -1
bind/10/pose = Transform3D(1, -1.14132e-07, -1.62678e-08, 1.12495e-07, 0.936386, 0.350974, -2.50567e-08, -0.350974, 0.936385, 5.98492e-05, -1.50417, 0.551835)
bind/11/name = &"hair_back_01_l"
bind/11/bone = -1
bind/11/pose = Transform3D(0.197834, -0.926865, -0.319036, 0.488459, 0.375396, -0.787709, 0.849864, -2.62368e-09, 0.527002, 1.39225, -0.705197, -0.0286813)
bind/12/name = &"hair_back_02_l"
bind/12/bone = -1
bind/12/pose = Transform3D(0.145423, -0.984628, -0.0967496, 0.819777, 0.174666, -0.545397, 0.553912, 6.90993e-08, 0.832575, 1.3959, -0.420826, 0.0464056)
bind/13/name = &"hair_back_03_l"
bind/13/bone = -1
bind/13/pose = Transform3D(1, 2.98023e-08, -8.94069e-08, -1.04599e-08, 1, -2.03209e-09, 2.79065e-08, 2.73414e-08, 1, -0.13691, -1.33025, 0.146823)
bind/14/name = &"hair_back_01_r"
bind/14/bone = -1
bind/14/pose = Transform3D(0.197834, 0.926864, 0.319036, 0.488459, -0.375396, 0.787709, 0.849864, 2.62368e-09, -0.527002, -1.39223, 0.705256, 0.0287827)
bind/15/name = &"hair_back_02_r"
bind/15/bone = -1
bind/15/pose = Transform3D(0.145423, 0.984628, 0.0967496, 0.819777, -0.174666, 0.545397, 0.553912, 6.39179e-09, -0.832575, -1.39588, 0.420925, -0.0463396)
bind/16/name = &"hair_back_03_r"
bind/16/bone = -1
bind/16/pose = Transform3D(1, 1.49012e-08, 5.96047e-08, -1.04598e-08, -1, -1.86879e-09, 2.79065e-08, 4.71644e-08, -1, 0.137029, 1.33025, -0.146824)
bind/17/name = &"hair_front_01_l"
bind/17/bone = -1
bind/17/pose = Transform3D(0.0918988, -0.995578, -0.0194658, 0.973969, 0.0939378, -0.206304, 0.20722, 1.15811e-08, 0.978294, 1.57755, -0.220893, -0.0475307)
bind/18/name = &"hair_front_02_l"
bind/18/bone = -1
bind/18/pose = Transform3D(0.422719, -0.870085, 0.253497, 0.746197, 0.492902, 0.44748, -0.514295, 1.12409e-08, 0.857613, 1.26942, -0.823135, 0.0192304)
bind/19/name = &"hair_front_03_l"
bind/19/bone = -1
bind/19/pose = Transform3D(1, -3.06544e-08, -6.71685e-15, -3.4934e-09, 1, 1.46654e-08, -3.31364e-08, 2.98024e-08, 1, -0.126207, -1.43056, -0.0532611)
bind/20/name = &"hair_back_01_mid"
bind/20/bone = -1
bind/20/pose = Transform3D(0.0981363, -0.962898, -0.25139, 0.350156, 0.269866, -0.896974, 0.931536, 1.52168e-08, 0.363648, 1.46592, -0.530474, 0.041159)
bind/21/name = &"hair_back_02_mid"
bind/21/bone = -1
bind/21/pose = Transform3D(0.109409, -0.970191, -0.216237, 0.438009, 0.24234, -0.86569, 0.892288, -7.21611e-09, 0.451467, 1.34682, -0.487842, 0.055531)
bind/22/name = &"hair_back_03_mid"
bind/22/bone = -1
bind/22/pose = Transform3D(1, -2.23517e-08, 3.7388e-16, -1.04598e-08, 1, -1.39882e-08, 2.79065e-08, -1.49012e-08, 1, -0.0274495, -1.33024, 0.177253)
bind/23/name = &"earring_r"
bind/23/bone = -1
bind/23/pose = Transform3D(1, -3.17103e-11, -2.98892e-09, 3.17139e-11, 1, -1.86265e-09, 2.98892e-09, 1.86264e-09, 1, 0.0677185, -1.61415, -0.00434687)
bind/24/name = &"earring_l"
bind/24/bone = -1
bind/24/pose = Transform3D(1, 4.25886e-11, -2.99063e-09, 4.25849e-11, -1, 1.86265e-09, -2.99063e-09, -1.86266e-09, -1, -0.068492, 1.61489, 0.00535856)
bind/25/name = &"RightShoulder"
bind/25/bone = -1
bind/25/pose = Transform3D(0.168729, 0.0914399, -0.981412, -0.984383, -0.0350841, -0.172508, -0.050206, 0.995192, 0.0840923, -0.1538, 0.00977839, -1.46308)
bind/26/name = &"RightUpperArm"
bind/26/bone = -1
bind/26/pose = Transform3D(-0.146921, -0.0581803, 0.987436, -0.545206, -0.828174, -0.129918, 0.825327, -0.557444, 0.0899558, 0.108347, 1.13238, 0.937652)
bind/27/name = &"RightLowerArm"
bind/27/bone = -1
bind/27/pose = Transform3D(-0.749078, 0.650625, -0.124776, -0.656589, -0.704064, 0.270527, 0.0881613, 0.284572, 0.954592, -1.03718, 0.730546, -0.262957)
bind/28/name = &"lowerarm_twist_01_r"
bind/28/bone = -1
bind/28/pose = Transform3D(0.634113, 0.643243, -0.429115, 0.16761, 0.427419, 0.888381, 0.754856, -0.635257, 0.163218, -0.541419, -0.407045, 1.02589)
bind/29/name = &"upperarm_twist_01_r"
bind/29/bone = -1
bind/29/pose = Transform3D(0.64484, 0.760872, 0.0724998, -0.068049, -0.0373261, 0.996984, 0.761283, -0.647828, 0.0277071, -1.0172, 0.0892676, 1.05848)
bind/30/name = &"LeftUpperLeg"
bind/30/bone = -1
bind/30/pose = Transform3D(-0.99915, -0.0411985, -0.00118659, 0.0412156, -0.998736, -0.028766, -1.49012e-08, -0.0287904, 0.999585, 0.131885, 1.01356, 0.0332431)
bind/31/name = &"RightUpperLeg"
bind/31/bone = -1
bind/31/pose = Transform3D(-0.99915, 0.041198, 0.00118658, -0.0412151, -0.998736, -0.0287662, -2.98023e-08, -0.0287907, 0.999585, -0.132004, 1.01355, 0.0332433)
bind/32/name = &"ik_hand_root"
bind/32/bone = -1
bind/32/pose = Transform3D(1, 0, 0, 0, 2.83277e-16, -1, 0, 1, 2.83277e-16, 5.97488e-05, 0.0013835, 0.00159274)
bind/33/name = &"ik_hand_gun"
bind/33/bone = -1
bind/33/pose = Transform3D(0.687474, 0.576042, -0.442216, -0.614358, 0.786022, 0.0688033, 0.387225, 0.224379, 0.894266, -0.352939, -1.12625, -0.071666)
bind/34/name = &"ik_hand_l"
bind/34/bone = -1
bind/34/pose = Transform3D(0.687474, -0.576042, 0.442216, -0.614358, -0.786022, -0.068804, 0.387226, -0.224378, -0.894266, 0.353079, 1.12612, 0.0717435)
bind/35/name = &"hair_twintails_05_r"
bind/35/bone = -1
bind/35/pose = Transform3D(1, -2.1347e-14, -4.06391e-15, -7.13615e-15, -1, -3.4796e-08, 1.94289e-15, 7.04784e-08, -1, 0.168611, 1.25431, -0.190851)
bind/36/name = &"hair_twintails_04_r"
bind/36/bone = -1
bind/36/pose = Transform3D(1, 1.49012e-08, -2.98023e-08, -2.09197e-08, -1, -3.4796e-08, 5.58129e-08, 4.06761e-08, -1, 0.142071, 1.40208, -0.168612)
bind/37/name = &"hair_twintails_03_r"
bind/37/bone = -1
bind/37/pose = Transform3D(0.25081, 0.918727, 0.305015, 0.583516, -0.394892, 0.709626, 0.772401, 3.72275e-08, -0.635136, -1.33588, 0.775809, -0.00135657)
bind/38/name = &"hair_twintails_02_r"
bind/38/bone = -1
bind/38/pose = Transform3D(0.140614, 0.966331, 0.215481, 0.528095, -0.257302, 0.809266, 0.837463, -2.25361e-08, -0.546495, -1.56945, 0.572671, 0.0189885)
bind/39/name = &"hair_twintails_01_r"
bind/39/bone = -1
bind/39/pose = Transform3D(0.182828, 0.882087, 0.434162, 0.342337, -0.471087, 0.812947, 0.921618, -1.31441e-08, -0.388099, -1.51692, 0.910686, 0.0454017)
bind/40/name = &"hair_twintails_05_l"
bind/40/bone = -1
bind/40/pose = Transform3D(1, 4.22619e-15, 1.37668e-14, -2.57825e-14, 1, -3.52935e-08, 1.28786e-14, -1.08738e-08, 1, -0.168491, -1.25431, 0.190852)
bind/41/name = &"hair_twintails_04_l"
bind/41/bone = -1
bind/41/pose = Transform3D(1, 4.72669e-09, -2.98023e-08, -1.74466e-08, 1, -9.48981e-08, -3.83663e-08, 7.85332e-08, 1, -0.141951, -1.40208, 0.168611)
bind/42/name = &"hair_twintails_03_l"
bind/42/bone = -1
bind/42/pose = Transform3D(0.25081, -0.918728, -0.305015, 0.583516, 0.394893, -0.709626, 0.772401, -1.96946e-08, 0.635136, 1.33591, -0.775739, 0.00144831)
bind/43/name = &"hair_twintails_02_l"
bind/43/bone = -1
bind/43/pose = Transform3D(0.140614, -0.966331, -0.215481, 0.528095, 0.257302, -0.809266, 0.837462, 2.97359e-08, 0.546495, 1.56946, -0.572607, -0.0188884)
bind/44/name = &"hair_twintails_01_l"
bind/44/bone = -1
bind/44/pose = Transform3D(0.182828, -0.882087, -0.434162, 0.342337, 0.471087, -0.812947, 0.921618, -1.31441e-08, 0.388099, 1.51694, -0.910644, -0.0452917)
bind/45/name = &"hair_twintails_bangs_01_l"
bind/45/bone = -1
bind/45/pose = Transform3D(0.0526991, -0.954858, -0.292349, 0.169393, 0.297061, -0.939713, 0.984139, 8.69431e-10, 0.177402, 1.63826, -0.426661, -0.0849349)
bind/46/name = &"hair_twintails_bangs_03_r"
bind/46/bone = -1
bind/46/pose = Transform3D(1, -6.62924e-09, -5.38458e-15, 5.22991e-09, -1, 2.8854e-08, -1.39532e-08, 6.70552e-08, -1, 0.052224, 1.54998, 0.0646466)
bind/47/name = &"hair_twintails_bangs_02_r"
bind/47/bone = -1
bind/47/pose = Transform3D(-0.318031, 0.9453, 0.072561, -0.921616, -0.326204, 0.210273, 0.222441, -1.11022e-16, 0.974946, -1.55459, 0.443886, -0.0514104)
bind/48/name = &"hair_twintails_bangs_01_r"
bind/48/bone = -1
bind/48/pose = Transform3D(0.0526991, 0.954859, 0.292349, 0.169393, -0.297061, 0.939713, 0.984139, -9.80194e-09, -0.177402, -1.63825, 0.426681, 0.0850523)
bind/49/name = &"hair_twintails_bangs_03_l"
bind/49/bone = -1
bind/49/pose = Transform3D(1, -1.82483e-15, 1.49012e-08, -2.09298e-08, 1, 7.15843e-08, -7.84487e-09, -3.72529e-08, 1, -0.0521046, -1.54998, -0.0646465)
bind/50/name = &"hair_twintails_bangs_02_l"
bind/50/bone = -1
bind/50/pose = Transform3D(-0.318031, -0.9453, -0.0725611, -0.921616, 0.326204, -0.210273, 0.222441, 3.13471e-08, -0.974946, 1.55454, -0.443994, 0.0514368)
metadata/humanoid_rotation_delta = {
"Chest": Transform3D(-2.40209e-07, 9.38726e-08, -1, 0.997807, 0.0661974, -2.33514e-07, 0.0661974, -0.997807, -1.09324e-07, 0, 0, -1.49012e-08),
"Head": Transform3D(-2.142e-07, 9.93483e-08, -1, 0.92805, -0.372457, -2.35705e-07, -0.372457, -0.92805, -1.21877e-08, 0, 0, 0),
"Hips": Transform3D(-1.64324e-07, 3.89432e-08, -1, 0.996912, -0.0785267, -1.66855e-07, -0.0785267, -0.996912, -2.56721e-08, 0, 0, 0),
"LeftFoot": Transform3D(-0.0263923, 0.0463404, 0.998578, -0.0159765, -0.998816, 0.0459292, 0.999525, -0.0147417, 0.0271015, -7.45058e-09, 0, -1.19209e-07),
"LeftHand": Transform3D(-0.0164668, -0.000942901, 0.999865, 0.989257, 0.145265, 0.0164291, -0.145261, 0.989393, -0.00145914, -1.49012e-08, 0, 0),
"LeftIndexDistal": Transform3D(-0.135757, 0.290019, 0.947343, 0.963335, 0.261993, 0.057842, -0.231421, 0.920461, -0.314953, -7.45058e-09, 0, 0),
"LeftIndexIntermediate": Transform3D(-0.0727813, 0.287099, 0.955132, 0.994099, 0.0981271, 0.046255, -0.0804444, 0.952862, -0.292547, -7.45058e-09, 0, 0),
"LeftIndexProximal": Transform3D(-0.103195, 0.251771, 0.962269, 0.992626, 0.0879167, 0.0834477, -0.0635896, 0.963785, -0.258987, -7.45058e-09, 0, 0),
"LeftLittleDistal": Transform3D(-0.0427941, -0.307737, 0.950509, 0.719409, 0.650674, 0.243052, -0.693267, 0.694206, 0.193544, -1.86265e-08, 0, 2.98023e-08),
"LeftLittleIntermediate": Transform3D(0.0269979, -0.314684, 0.948813, 0.722628, 0.661977, 0.19899, -0.69071, 0.680266, 0.245271, -1.86265e-08, 0, 3.72529e-08),
"LeftLittleProximal": Transform3D(0.0332553, -0.373871, 0.926885, 0.977938, 0.203535, 0.0470116, -0.20623, 0.904873, 0.372392, -2.23517e-08, 0, 5.96046e-08),
"LeftLowerArm": Transform3D(-0.00293288, 0.0416892, -0.999127, 0.985324, 0.170644, 0.00422761, 0.170671, -0.984451, -0.0415776, 0, 0, 0),
"LeftLowerLeg": Transform3D(-0.030277, -0.0584004, -0.997834, -0.991364, -0.125688, 0.0374368, -0.127602, 0.990349, -0.0540905, 1.49012e-08, 5.96046e-08, -3.72529e-09),
"LeftMiddleDistal": Transform3D(-0.00915316, -0.00536052, 0.999944, 0.748068, 0.66354, 0.0104048, -0.663559, 0.748121, -0.00206339, -1.49012e-08, 0, 0),
"LeftMiddleIntermediate": Transform3D(-0.0876235, 0.00443002, 0.996144, 0.893809, 0.441848, 0.076657, -0.439805, 0.89708, -0.0426758, -1.49012e-08, 0, 0),
"LeftMiddleProximal": Transform3D(-0.0923593, 0.0101508, 0.995674, 0.985503, 0.143849, 0.0899494, -0.142314, 0.989547, -0.0232894, -1.49012e-08, 0, 0),
"LeftRingDistal": Transform3D(-0.0387754, -0.219813, 0.974772, 0.708413, 0.681941, 0.181959, -0.704733, 0.697596, 0.129276, -1.49012e-08, 0, 0),
"LeftRingIntermediate": Transform3D(-0.0358538, -0.210992, 0.976831, 0.851114, 0.505832, 0.140498, -0.523756, 0.836431, 0.161442, -2.23517e-08, 0, 3.72529e-09),
"LeftRingProximal": Transform3D(-0.0819358, -0.291215, 0.953142, 0.965477, 0.214081, 0.148405, -0.247267, 0.932397, 0.26362, -1.49012e-08, 0, 0),
"LeftShoulder": Transform3D(-0.267901, -0.953402, -0.138756, 0.949872, -0.285463, 0.12749, -0.161159, -0.0976463, 0.982086, -1.49012e-08, 0, 0),
"LeftThumbDistal": Transform3D(0.160399, -0.0376141, 0.986342, 0.913259, 0.386402, -0.133604, -0.376101, 0.922222, 0.0963304, 5.96046e-08, 0, 0),
"LeftThumbMetacarpal": Transform3D(0.211727, -0.115692, 0.970457, 0.977794, 0.00890499, -0.212266, 0.0159156, 0.993851, 0.115008, 0, 0, 0),
"LeftThumbProximal": Transform3D(0.147724, -0.113465, 0.982509, 0.975028, 0.186903, -0.124839, -0.169468, 0.976416, 0.138242, 0, 0, 0),
"LeftToes": Transform3D(0.0456039, 0.0278323, -0.998572, 0.998794, 0.0168653, 0.0460841, 0.0181238, -0.999472, -0.0270297, 0, -7.45058e-09, 1.21072e-07),
"LeftUpperArm": Transform3D(-0.0674196, 0.996627, -0.0467983, 0.991123, 0.0615128, -0.117862, -0.114585, -0.054329, -0.991927, 7.45058e-09, 0, 0),
"LeftUpperLeg": Transform3D(0.0814193, 0.148357, 0.985577, -0.996679, 0.0108296, 0.0807064, 0.00129997, -0.988874, 0.148746, 0, 0, 0),
"Neck": Transform3D(-2.03247e-07, 3.57246e-08, -1, 0.993536, -0.113525, -2.05902e-07, -0.113525, -0.993535, -1.21877e-08, 0, 0, 0),
"RightFoot": Transform3D(-0.0263923, 0.0463407, 0.998577, 0.015977, 0.998816, -0.0459295, -0.999525, 0.0147419, -0.0271015, 0, 7.45058e-09, -2.98023e-08),
"RightHand": Transform3D(-0.0164507, -0.000944495, 0.999864, -0.989262, -0.145229, -0.0164136, 0.145224, -0.989398, 0.00145488, 0, 0, 0),
"RightIndexDistal": Transform3D(-0.135757, 0.290013, 0.947345, -0.963335, -0.261994, -0.0578437, 0.231423, -0.920463, 0.314947, -7.45058e-09, 0, 5.96046e-08),
"RightIndexIntermediate": Transform3D(-0.0727829, 0.287093, 0.955135, -0.994098, -0.0981282, -0.0462567, 0.0804458, -0.952864, 0.29254, -7.45058e-09, 0, 0),
"RightIndexProximal": Transform3D(-0.103195, 0.251764, 0.962272, -0.992626, -0.0879116, -0.0834492, 0.0635854, -0.963787, 0.258979, -7.45058e-09, 0, 5.96046e-08),
"RightLittleDistal": Transform3D(-0.0428148, -0.307711, 0.950517, -0.719377, -0.650708, -0.243057, 0.6933, -0.694186, -0.1935, -1.11759e-08, 0, 2.98023e-08),
"RightLittleIntermediate": Transform3D(0.026977, -0.314659, 0.948822, -0.722596, -0.662009, -0.198998, 0.690745, -0.680246, -0.24523, -7.45058e-09, 0, 2.98023e-08),
"RightLittleProximal": Transform3D(0.0332293, -0.373857, 0.926892, -0.977961, -0.203433, -0.0469935, 0.206129, -0.904901, -0.372377, 0, 0, 5.96046e-08),
"RightLowerArm": Transform3D(-0.00294701, 0.0416883, -0.999127, -0.985323, -0.17065, -0.00421387, -0.170676, 0.98445, 0.0415794, 0, 0, 0),
"RightLowerLeg": Transform3D(-0.030277, -0.0584007, -0.997834, 0.991364, 0.125688, -0.0374369, 0.127602, -0.990349, 0.0540907, 0, 0, 0),
"RightMiddleDistal": Transform3D(-0.00914741, -0.0053699, 0.999944, -0.74807, -0.663538, -0.0104065, 0.663558, -0.748122, 0.00205276, -7.45058e-09, 0, 2.98023e-08),
"RightMiddleIntermediate": Transform3D(-0.0876201, 0.0044177, 0.996145, -0.89381, -0.441846, -0.0766592, 0.439804, -0.89708, 0.0426634, -1.11759e-08, 0, 2.98023e-08),
"RightMiddleProximal": Transform3D(-0.0923556, 0.010137, 0.995675, -0.9855, -0.143872, -0.0899471, 0.142338, -0.989544, 0.0232776, -7.45058e-09, 0, 5.96046e-08),
"RightRingDistal": Transform3D(-0.0387848, -0.219828, 0.974768, -0.70836, -0.681988, -0.181985, 0.704785, -0.697545, -0.129266, -7.45058e-09, 0, 2.98023e-08),
"RightRingIntermediate": Transform3D(-0.0358654, -0.211006, 0.976827, -0.851076, -0.505889, -0.140526, 0.523818, -0.836393, -0.161438, -1.11759e-08, 0, 2.98023e-08),
"RightRingProximal": Transform3D(-0.0819329, -0.29123, 0.953138, -0.965472, -0.214099, -0.148411, 0.247288, -0.932388, -0.263633, -7.45058e-09, 0, 0),
"RightShoulder": Transform3D(-0.267901, -0.953403, -0.138756, -0.949873, 0.285463, -0.127488, 0.161157, 0.0976468, -0.982087, 1.49012e-08, 9.31323e-10, 0),
"RightThumbDistal": Transform3D(0.16043, -0.0376417, 0.986336, -0.913256, -0.386405, 0.133621, 0.376097, -0.922219, -0.0963682, 5.96046e-08, 0, -1.49012e-08),
"RightThumbMetacarpal": Transform3D(0.211711, -0.115742, 0.970455, -0.977797, -0.00886455, 0.212255, -0.0159645, -0.993844, -0.115049, 5.96046e-08, 0, 0),
"RightThumbProximal": Transform3D(0.147748, -0.1135, 0.982501, -0.975026, -0.186907, 0.124855, 0.169465, -0.976411, -0.138281, 1.19209e-07, 0, -1.49012e-08),
"RightToes": Transform3D(0.0456042, 0.0278324, -0.998572, -0.998793, -0.0168649, -0.0460843, -0.0181237, 0.999472, 0.0270298, 0, 7.45058e-09, 2.79397e-08),
"RightUpperArm": Transform3D(-0.0674191, 0.996627, -0.0467985, -0.991124, -0.0615126, 0.117859, 0.114582, 0.0543291, 0.991927, -7.45058e-09, 0, 0),
"RightUpperLeg": Transform3D(0.0814194, 0.148357, 0.985576, 0.996679, -0.0108299, -0.0807064, -0.0012997, 0.988874, -0.148746, 0, 0, 0),
"Root": Transform3D(1, 0, 0, 0, 0, 1, 0, -1, 0, 0, 0, 0),
"Spine": Transform3D(-2.34923e-07, 6.929e-08, -1, 0.975559, 0.219739, -2.13979e-07, 0.219739, -0.975559, -1.18972e-07, 0, 0, 0),
"UpperChest": Transform3D(-1.17027e-07, 9.11027e-08, -1, 0.966811, -0.255492, -1.36397e-07, -0.255492, -0.966811, -5.79328e-08, -1.42109e-14, 0, 0)
}
