[gd_resource type="Skin" format=3 uid="uid://iionx4j7ex4f"]

[resource]
resource_name = "Skin6"
bind_count = 6
bind/0/name = &"Root"
bind/0/bone = -1
bind/0/pose = Transform3D(1, 0, 0, 0, 1, 2.83277e-16, 0, -2.83277e-16, 1, 0, 0, 0)
bind/1/name = &"RightLowerLeg"
bind/1/bone = -1
bind/1/pose = Transform3D(0.99915, -0.0411978, -0.00118664, -0.0412148, -0.998737, -0.0287667, -1.86265e-08, 0.0287911, -0.999586, 0.132008, 0.573011, -0.0346726)
bind/2/name = &"RightFoot"
bind/2/bone = -1
bind/2/pose = Transform3D(-0.99915, 0.0411978, 0.00118664, 2.23517e-08, -0.0287911, 0.999586, 0.0412148, 0.998737, 0.0287667, -0.12219, 0.0333679, -0.0791253)
bind/3/name = &"ik_foot_root"
bind/3/bone = -1
bind/3/pose = Transform3D(1, 0, 0, 0, 2.83277e-16, -1, 0, 1, 2.83277e-16, 0, 0, 0)
bind/4/name = &"ik_foot_r"
bind/4/bone = -1
bind/4/pose = Transform3D(-0.0148276, -0.999808, -0.0127956, -0.0456959, -0.0121061, 0.998882, -0.998845, 0.0153958, -0.0455077, 0.0836012, 0.0252884, -0.121778)
bind/5/name = &"ik_hand_root"
bind/5/bone = -1
bind/5/pose = Transform3D(1, 0, 0, 0, 2.83277e-16, -1, 0, 1, 2.83277e-16, 0, 0, 0)
metadata/humanoid_rotation_delta = {
"Chest": Transform3D(-8.12291e-08, -7.46658e-08, -1, 0.997807, 0.0661911, -8.60388e-08, 0.0661911, -0.997807, 6.93691e-08, 0, 0, 0),
"Head": Transform3D(-1.11383e-08, -9.83386e-09, -1, 0.92805, -0.372457, -6.58761e-09, -0.372457, -0.92805, 1.35071e-08, 0, 0, 0),
"Hips": Transform3D(-5.05746e-08, -2.06783e-08, -1, 0.996912, -0.0785268, -4.87747e-08, -0.0785268, -0.996912, 2.4833e-08, 0, 0, 0),
"LeftFoot": Transform3D(-0.026392, 0.0463408, 0.998577, -0.0159774, -0.998817, 0.0459296, 0.999524, -0.0147426, 0.0271012, -1.49012e-08, 0, -2.98023e-08),
"LeftHand": Transform3D(-0.0164631, -0.000943705, 0.999863, 0.989258, 0.145254, 0.0164248, -0.14525, 0.989396, -0.00145779, 1.49012e-08, 1.19209e-07, 5.96046e-08),
"LeftIndexDistal": Transform3D(-0.135761, 0.290013, 0.947344, 0.963336, 0.261991, 0.0578476, -0.231417, 0.920466, -0.314948, 0, 1.19209e-07, 1.19209e-07),
"LeftIndexIntermediate": Transform3D(-0.0727863, 0.287095, 0.955133, 0.994099, 0.0981245, 0.0462605, -0.0804391, 0.952865, -0.292543, -7.45058e-09, 1.19209e-07, 5.96046e-08),
"LeftIndexProximal": Transform3D(-0.103194, 0.251767, 0.96227, 0.992626, 0.0879287, 0.0834433, -0.0636016, 0.963787, -0.258985, 0, 1.19209e-07, 1.19209e-07),
"LeftLittleDistal": Transform3D(-0.0428104, -0.307723, 0.950512, 0.719371, 0.650714, 0.243064, -0.693305, 0.694176, 0.193511, -1.49012e-08, 1.19209e-07, 7.45058e-09),
"LeftLittleIntermediate": Transform3D(0.0269811, -0.31467, 0.948817, 0.72259, 0.662015, 0.199005, -0.69075, 0.680237, 0.24524, -1.49012e-08, 2.38419e-07, 0),
"LeftLittleProximal": Transform3D(0.0332371, -0.373865, 0.926887, 0.977948, 0.203488, 0.0470089, -0.206184, 0.904887, 0.372384, -1.49012e-08, 5.96046e-08, 1.19209e-07),
"LeftLowerArm": Transform3D(-0.00293348, 0.04169, -0.999127, 0.985324, 0.170645, 0.00422757, 0.170672, -0.98445, -0.0415787, 1.19209e-07, -5.96046e-08, 0),
"LeftLowerLeg": Transform3D(-0.030277, -0.058401, -0.997833, -0.991363, -0.125688, 0.0374369, -0.127602, 0.990349, -0.0540912, 1.49012e-08, 0, 3.72529e-09),
"LeftMiddleDistal": Transform3D(-0.00915305, -0.00537427, 0.999944, 0.748071, 0.663539, 0.010413, -0.663555, 0.748125, -0.00205254, -7.45058e-09, 0, 2.98023e-08),
"LeftMiddleIntermediate": Transform3D(-0.0876268, 0.00441673, 0.996143, 0.893811, 0.441845, 0.0766652, -0.439801, 0.897082, -0.0426645, -3.72529e-09, 1.19209e-07, 2.98023e-08),
"LeftMiddleProximal": Transform3D(-0.0923542, 0.0101417, 0.995674, 0.985499, 0.143883, 0.0899439, -0.142347, 0.989544, -0.0232827, -7.45058e-09, 5.96046e-08, 1.19209e-07),
"LeftRingDistal": Transform3D(-0.038788, -0.219831, 0.974767, 0.70841, 0.68194, 0.18198, -0.704735, 0.697593, 0.12928, -3.72529e-09, 1.19209e-07, 0),
"LeftRingIntermediate": Transform3D(-0.0358694, -0.211006, 0.976826, 0.851113, 0.505832, 0.140518, -0.523758, 0.836429, 0.161447, -7.45058e-09, 1.19209e-07, 0),
"LeftRingProximal": Transform3D(-0.0819352, -0.291221, 0.953141, 0.965474, 0.214092, 0.148408, -0.247278, 0.932394, 0.263625, -2.23517e-08, 1.19209e-07, 5.96046e-08),
"LeftShoulder": Transform3D(-0.267902, -0.953402, -0.138754, 0.949872, -0.285465, 0.127489, -0.161157, -0.0976442, 0.982086, 0, 0, 0),
"LeftThumbDistal": Transform3D(0.160411, -0.0376073, 0.986342, 0.913255, 0.38641, -0.133617, -0.37611, 0.922215, 0.09633, -5.96046e-08, 1.19209e-07, -1.49012e-08),
"LeftThumbMetacarpal": Transform3D(0.211706, -0.1157, 0.970463, 0.977799, 0.00890571, -0.212246, 0.0159145, 0.993846, 0.115017, -1.19209e-07, 5.96046e-08, 5.96046e-08),
"LeftThumbProximal": Transform3D(0.147736, -0.113461, 0.98251, 0.975025, 0.186912, -0.124852, -0.169479, 0.976412, 0.138241, -1.19209e-07, 5.96046e-08, 0),
"LeftToes": Transform3D(0.0456043, 0.0278322, -0.998571, 0.998795, 0.0168643, 0.0460845, 0.0181228, -0.99947, -0.0270295, 1.49012e-08, 0, 2.6077e-08),
"LeftUpperArm": Transform3D(-0.0674185, 0.996627, -0.0467982, 0.991123, 0.0615118, -0.11786, -0.114584, -0.0543286, -0.991927, 0, 0, 0),
"LeftUpperLeg": Transform3D(0.0814195, 0.148357, 0.985576, -0.996679, 0.0108303, 0.0807064, 0.00129933, -0.988875, 0.148746, 0, 0, 0),
"Neck": Transform3D(1.4705e-08, -7.5034e-08, -1, 0.993535, -0.113525, 2.32147e-08, -0.113525, -0.993535, 7.31118e-08, 0, 0, 0),
"RightFoot": Transform3D(-0.026392, 0.046341, 0.998577, 0.0159777, 0.998817, -0.0459298, -0.999525, 0.0147428, -0.0271012, 0, 7.45058e-09, 0),
"RightHand": Transform3D(-0.0164514, -0.00094521, 0.999864, -0.989263, -0.145217, -0.0164133, 0.145213, -0.989401, 0.00145435, 0, 0, 0),
"RightIndexDistal": Transform3D(-0.135759, 0.29001, 0.947345, -0.963332, -0.262, -0.0578437, 0.231428, -0.920463, 0.314945, 0, 0, 0),
"RightIndexIntermediate": Transform3D(-0.0727856, 0.287089, 0.955134, -0.994097, -0.0981344, -0.046257, 0.0804499, -0.952865, 0.292538, -7.45058e-09, 0, 0),
"RightIndexProximal": Transform3D(-0.103195, 0.251761, 0.962271, -0.992625, -0.0879256, -0.0834449, 0.0635992, -0.963788, 0.258979, 0, 0, 0),
"RightLittleDistal": Transform3D(-0.0428164, -0.307718, 0.950513, -0.719361, -0.650722, -0.243067, 0.693314, -0.69417, -0.193499, -7.45058e-09, 0, 2.23517e-08),
"RightLittleIntermediate": Transform3D(0.0269754, -0.314666, 0.948818, -0.722581, -0.662023, -0.199009, 0.690758, -0.68023, -0.245231, -3.72529e-09, 0, 0),
"RightLittleProximal": Transform3D(0.0332335, -0.373861, 0.926889, -0.977956, -0.20345, -0.0469962, 0.206144, -0.904897, -0.372382, 0, 0, 0),
"RightLowerArm": Transform3D(-0.00294731, 0.0416884, -0.999127, -0.985322, -0.17065, -0.00421442, -0.170678, 0.984449, 0.0415799, 0, 0, 0),
"RightLowerLeg": Transform3D(-0.0302773, -0.058401, -0.997834, 0.991364, 0.125687, -0.0374372, 0.127602, -0.99035, 0.0540912, 0, 0, 0),
"RightMiddleDistal": Transform3D(-0.00914918, -0.00537597, 0.999943, -0.74806, -0.66355, -0.010411, 0.663566, -0.748115, 0.00204905, 0, 0, 0),
"RightMiddleIntermediate": Transform3D(-0.0876236, 0.00441251, 0.996144, -0.893803, -0.441859, -0.0766633, 0.439814, -0.897075, 0.0426607, 0, 0, 0),
"RightMiddleProximal": Transform3D(-0.092353, 0.0101346, 0.995674, -0.985497, -0.143884, -0.0899436, 0.142349, -0.989544, 0.0232759, -1.86265e-09, 0, 0),
"RightRingDistal": Transform3D(-0.0387784, -0.219839, 0.974765, -0.708383, -0.681966, -0.181984, 0.704761, -0.697565, -0.129286, -3.72529e-09, 0, 0),
"RightRingIntermediate": Transform3D(-0.0358623, -0.211018, 0.976824, -0.851092, -0.505863, -0.140524, 0.52379, -0.836407, -0.161455, -7.45058e-09, 0, 0),
"RightRingProximal": Transform3D(-0.0819217, -0.291232, 0.953138, -0.965468, -0.214118, -0.148404, 0.247303, -0.932384, -0.263635, -7.45058e-09, 0, 0),
"RightShoulder": Transform3D(-0.267902, -0.953402, -0.138754, -0.949873, 0.285464, -0.127486, 0.161155, 0.0976453, -0.982086, -1.49012e-08, -9.31323e-10, 0),
"RightThumbDistal": Transform3D(0.160424, -0.0376431, 0.986339, -0.91326, -0.386397, 0.133617, 0.376091, -0.922219, -0.0963664, 0, 0, 1.49012e-08),
"RightThumbMetacarpal": Transform3D(0.211715, -0.115737, 0.970456, -0.977796, -0.00889009, 0.212257, -0.015938, -0.993842, -0.11505, 0, 0, 0),
"RightThumbProximal": Transform3D(0.147742, -0.1135, 0.982504, -0.975027, -0.186899, 0.124852, 0.16946, -0.97641, -0.138278, 0, 0, 0),
"RightToes": Transform3D(0.0456045, 0.0278321, -0.998572, -0.998796, -0.016864, -0.0460847, -0.0181226, 0.999471, 0.0270295, 0, 1.49012e-08, 0),
"RightUpperArm": Transform3D(-0.0674198, 0.996627, -0.0467986, -0.991122, -0.0615132, 0.117857, 0.114581, 0.0543291, 0.991927, 1.49012e-08, 0, 0),
"RightUpperLeg": Transform3D(0.0814198, 0.148357, 0.985577, 0.99668, -0.0108305, -0.0807068, -0.00129911, 0.988875, -0.148746, 0, 0, 0),
"Root": Transform3D(1, 0, 0, 0, 0, 1, 0, -1, 0, 0, 0, 0),
"Spine": Transform3D(-4.76057e-08, -2.68156e-08, -1, 0.975558, 0.219742, -5.23582e-08, 0.219742, -0.975558, 1.5946e-08, -7.10543e-15, 0, 0),
"UpperChest": Transform3D(2.03961e-07, -1.65582e-07, -1, 0.966812, -0.255489, 2.39519e-07, -0.255489, -0.966812, 1.08224e-07, 0, 0, 0)
}
